7069 643 3751 590 0 0 
5361 2150 10744 4857 0 1444 
2841 9212 2205 3089 0 236 
5045 5926 5714 0 2742 1711 
11503 5436 0 0 1405 0 
10263 0 4573 2711 4071 1823 
4014 6171 7921 2805 2738 2293 
2132 3425 6795 3122 0 0 
4521 7916 998 2528 2104 1283 
937 855 2450 1955 2690 4021 
13605 2898 0 0 1928 3166 
7816 1701 951 4268 0 0 
9914 5999 0 2913 0 0 
10459 2321 1492 0 0 1276 
4274 707 1942 2487 829 0 
5088 2921 0 2205 0 2593 
7482 2178 3946 3546 3755 0 
15220 9208 2138 0 0 531 
4708 118 2688 0 1529 621 
2881 2154 3541 4514 0 0 
7136 1765 283 608 1319 2346 
1714 10913 6700 11299 0 1759 
6957 1728 6897 2171 3819 1828 
6153 3600 3433 2691 3257 4637 
2782 992 0 0 1766 0 
3389 3404 75 4506 1620 2246 
7894 4359 1828 1256 2604 1624 
9446 931 7220 5493 815 3434 
13031 1520 4321 3685 7170 2139 
6529 5363 4021 5011 1834 4897 
3212 3962 6483 0 4113 2314 
5054 522 1723 4600 548 21 
10087 4172 2643 1461 648 0 
5404 8078 4943 1366 2670 0 
9605 3933 449 2512 4117 2115 
6743 2120 0 3020 1840 4643 
6806 1586 1831 32 351 2749 
4111 3423 0 0 2095 120 
5968 5840 2168 0 0 380 
5738 8382 0 0 1274 0 
8322 2492 0 4831 1598 434 
12058 4458 6439 2739 4265 2275 
4667 2832 3354 1971 0 8970 
2686 4645 1545 2596 0 1636 
3961 4112 5914 0 0 737 
8797 0 3677 3729 1312 6175 
3569 43 55 661 1212 0 
2721 3882 6993 815 3097 1844 
10069 4650 5883 3150 3095 1275 
8530 3769 3956 2166 2769 711 
13912 2049 2061 0 0 0 
11642 2171 6664 0 6947 4076 
7787 6346 2376 5578 1689 1999 
9063 4044 4380 0 5147 6562 
1326 5924 1868 0 3785 1257 
7516 4761 4363 1369 3735 3096 
1735 0 6503 263 728 1782 
6766 1327 5494 3836 144 521 
6378 4464 3880 0 0 1916 
4403 6846 4228 2401 0 1349 
7231 2429 0 8414 2722 0 
4455 4432 4736 2447 5247 0 
4550 4430 3889 2246 2366 101 
7441 1228 360 0 1823 505 
3943 7119 1838 2294 2301 0 
5319 1818 3853 2095 3683 2681 
8574 4404 0 3898 3074 0 
10453 0 2240 1277 5390 1502 
3474 8134 0 837 980 0 
7970 3550 0 2308 2020 399 
5105 1913 520 997 4237 0 
4698 5009 4056 0 883 2405 
5860 3435 7341 884 435 4546 
9984 4987 2719 764 2097 3495 
8159 5260 6138 3550 0 4940 
16473 0 4130 3208 0 0 
5959 1932 0 776 0 0 
5777 3723 5200 4566 0 615 
6348 2040 2445 1806 1045 2737 
2598 9450 893 2158 203 316 
4319 4353 6907 4183 0 2850 
18202 2526 4324 0 0 1078 
6713 8008 1880 2310 8019 0 
7543 13803 2418 0 1309 2425 
2420 4249 1459 1613 1194 1268 
5063 2880 2484 1348 0 0 
7456 4200 1893 4281 5221 548 
7054 3272 4252 7266 1743 1990 
8517 0 1282 1691 652 1729 
12199 5932 8233 3738 0 4741 
2285 2170 2260 0 2242 2446 
4559 2997 3117 1192 0 2577 
3431 2340 0 4779 1233 1387 
3814 7394 1125 0 1207 2006 
7513 477 1783 7314 396 986 
3439 2838 3146 2308 2150 0 
7729 421 3953 602 3001 0 
3360 6878 801 0 2307 1230 
7093 6298 0 2361 378 0 
6504 8478 1569 923 853 300 
10212 4786 2472 2189 672 0 
3174 3402 0 1737 730 1505 
6891 3756 2917 2036 520 1199 
7548 864 0 4021 987 0 
4929 4707 2938 0 2931 0 
5210 6733 1951 2346 0 1457 
1635 1910 2149 1817 4568 0 
2281 9063 0 3603 7509 5676 
3494 6690 149 3939 2061 0 
3870 928 1569 2534 1489 0 
7312 4787 6777 2201 3691 1978 
2148 8502 402 0 1212 0 
8787 6528 2690 432 826 1467 
5766 3927 0 541 378 0 
7171 4990 0 520 0 0 
5100 6939 240 0 0 1281 
6576 3911 92 6814 0 0 
6314 6764 1562 2654 4944 1566 
8387 10032 935 4164 1972 1165 
5403 2631 4616 2930 0 0 
3472 1896 0 0 370 1193 
6262 11049 5596 926 1861 1439 
5242 6138 0 96 2232 0 
5877 1423 3226 5926 232 1210 
7330 6393 2834 0 3701 4155 
10630 4594 4650 0 1658 1699 
6488 2526 4404 3189 0 3332 
7433 8330 0 963 1647 994 
5154 33 5385 2792 0 4226 
10266 13812 6989 1670 0 0 
12442 0 4856 4665 0 0 
8560 7514 2629 4311 5485 1136 
8711 0 1611 579 74 2195 
10785 9546 7744 2234 5279 906 
1742 1082 1920 70 3875 1718 
5972 8407 24 4090 0 2990 
1617 2202 2030 1090 2210 0 
4004 494 2138 4676 3645 1360 
14110 9336 2083 1647 791 3845 
6649 0 3531 707 1080 617 
6276 4006 278 0 0 1871 
5808 2357 1130 0 2535 2121 
6993 10112 1467 315 3803 1778 
2230 5720 4467 0 1390 1317 
6504 3812 5717 0 0 2974 
13096 3119 2961 2150 1448 0 
10323 6490 10422 3443 1518 0 
6950 5491 2713 3726 0 0 
4672 91 2158 1244 2563 0 
5300 1595 2939 1804 5621 0 
9879 8467 4558 2521 2971 2100 
4427 5970 2454 0 2664 229 
1445 3216 2112 709 4931 699 
5099 4510 0 3389 280 926 
6806 122 0 4393 2517 0 
2186 4331 0 2377 2698 4421 
5528 2749 6705 2000 4888 1432 
8065 2259 3133 2428 10 6947 
5155 5393 3722 484 2590 2089 
4391 91 4546 0 3181 0 
4168 5842 0 0 3674 3529 
5676 1723 4168 2611 2145 368 
5567 5454 1998 0 2381 6713 
6440 5990 2731 2188 0 0 
7121 5207 3412 0 778 0 
9291 3954 3759 2356 5336 1104 
2605 8901 1965 0 3891 1834 
5607 504 3376 0 0 0 
6262 0 2476 1215 2464 1212 
9824 8230 4032 4172 48 4490 
4018 1140 586 0 1772 1151 
5010 11891 195 508 524 2477 
5034 8785 3768 1184 4858 9939 
6847 5171 0 2253 0 2048 
4252 6536 2836 331 726 0 
2868 4315 275 1346 0 1863 
5038 6060 5932 2915 2260 0 
8376 2888 4288 2580 3677 4374 
4948 5432 3403 3294 521 3643 
4797 428 3129 2073 1433 1274 
4618 0 1368 0 3524 1152 
5324 4412 4562 0 284 1595 
1941 2032 5103 0 0 0 
9754 7170 2136 5441 1652 509 
6254 0 1393 647 1246 0 
3934 2425 2368 915 165 874 
11456 3672 1067 0 1568 5434 
10933 2185 4368 1870 3357 0 
7368 2308 1050 0 0 4004 
5645 2267 0 5206 25 1035 
10214 0 7157 2718 8534 0 
2956 6160 1393 6086 719 2839 
11734 3640 1999 39 0 1888 
1923 3308 1392 3488 5010 0 
5269 8114 2886 6806 0 2268 
7080 7924 1667 0 6141 1684 
5231 2072 3725 805 369 0 
8496 6047 4695 0 2487 0 
5095 3932 4219 3250 3764 6462 
5798 10478 4888 1595 3417 217 
5190 4627 1753 3818 2327 0 
4680 11417 2392 3766 2990 2007 
8324 6734 4524 5166 0 1909 
8219 5907 1108 0 2859 0 
5524 3372 1938 2199 611 2968 
6613 3762 4004 1235 6528 0 
8702 0 1115 725 68 995 
7889 1543 2855 1263 2899 0 
4200 3184 2556 0 8011 0 
5288 1998 1627 1902 748 984 
2919 6810 5697 1391 727 2253 
4971 9290 1778 3568 2273 0 
7161 2957 945 0 621 2009 
11199 4865 871 617 3150 2802 
3108 5663 2439 3736 0 0 
9361 2058 6667 1717 0 1338 
9049 4142 5788 3492 2514 1259 
4797 4617 1912 2485 649 0 
6596 6801 2651 8411 0 3145 
6151 1902 851 1146 1326 0 
8002 9044 0 3500 4335 1417 
11688 8147 0 586 6788 0 
5965 5320 3171 2241 1692 208 
8929 4713 1859 2943 0 0 
1392 5523 3810 7257 492 0 
5858 1024 0 2498 2157 0 
5767 3172 1312 5943 364 0 
3404 777 5164 4158 0 1669 
977 7670 1797 0 238 2033 
3597 2085 1520 0 2139 147 
9171 2660 467 3464 661 1921 
2024 0 4570 2809 2765 2299 
6604 542 2223 0 2421 1960 
6474 8589 5211 0 2172 0 
14205 6194 6252 0 5142 0 
15608 3334 176 1629 0 5822 
4965 733 1316 1475 197 5096 
6688 0 5991 5271 2804 0 
2306 1440 3538 2126 3474 3805 
12710 9665 0 3036 4109 678 
8350 8614 5027 608 0 444 
2576 729 1217 2186 1481 2672 
10792 2269 4080 0 1943 905 
7777 4101 6091 0 0 0 
2357 2389 0 1755 1787 0 
0 7214 1091 269 2902 0 
7649 6821 4750 1714 3989 40 
8468 3884 3193 2413 3246 3492 
2713 3539 3141 2596 0 2266 
4637 1015 660 0 0 0 
4756 5543 0 4036 4909 396 
5939 0 0 972 2855 1664 
12468 5442 3033 0 3263 764 
6548 7647 6004 0 0 0 
5148 1889 8195 0 3934 3532 
8375 2457 1161 0 3530 4283 
1615 6464 3381 1262 5218 0 
3456 4141 1379 0 4362 2453 
6739 5191 5609 5304 746 0 
7447 2314 2920 2051 0 0 
5846 4494 0 1676 2334 973 
2984 1029 3194 0 0 2299 
3026 0 5875 2054 5206 1474 
12462 2959 3839 1957 1452 38 
10474 995 3014 0 0 3157 
5609 1479 6996 1098 4662 999 
3624 4931 3153 0 2530 0 
2564 0 0 1659 0 0 
5071 2217 1749 1980 4104 2240 
8597 3087 1712 0 1086 1216 
12488 531 1886 3171 554 2450 
3976 5835 1491 3065 1488 2312 
6774 3541 0 2452 5269 0 
1331 3815 2336 1360 1028 1713 
1572 7067 3972 0 2697 2756 
5664 2586 0 2077 1720 0 
8151 996 242 3884 3189 2371 
1516 3455 3090 1447 635 483 
8168 1256 2611 5934 3727 129 
13456 89 680 3676 3417 0 
3605 3370 4100 1817 1550 0 
1328 2682 2922 142 2471 3436 
2812 0 2295 712 998 0 
4082 8445 3871 4205 0 1051 
11046 4029 2378 2483 1797 4359 
13705 3557 2154 2575 5933 0 
4882 7778 6028 3162 0 863 
5533 4623 3474 4072 0 0 
6038 0 4432 2803 1678 4882 
6514 12725 5108 3100 4427 0 
2609 3906 7128 4897 35 1383 
11384 3354 12496 1003 6805 1840 
11769 7058 2101 633 0 2366 
9913 6448 165 3437 3665 1651 
3634 1874 1356 936 0 0 
9570 7464 3044 0 2204 3013 
7541 1621 2294 4140 0 221 
1017 3625 5447 1331 2787 3096 
1320 1044 1483 3834 2480 1662 
1804 4778 1262 587 0 1223 
6394 3774 875 0 4221 1416 
6860 2653 2490 0 5384 1826 
10037 5345 1910 0 2119 2120 
5649 839 1723 1145 0 1180 
1926 231 580 0 0 2422 
5734 8916 0 0 0 5649 
9129 5258 2807 3672 3809 0 
1670 5147 6041 2664 2270 15 
3976 0 0 2622 3153 2972 
6529 1507 624 3015 0 2313 
11884 652 8363 1697 0 0 
7105 2828 3500 0 1227 0 
9912 6836 10214 1111 0 2725 
8708 3055 5926 1700 3982 0 
6792 6393 5252 1961 1709 0 
4152 1295 3963 2517 6676 2356 
5077 2078 3716 1017 373 3558 
6246 986 7177 3524 482 2037 
4991 5599 5031 0 195 4458 
10447 2186 5185 1157 2298 0 
10645 1258 8872 0 828 5022 
6161 7737 0 304 0 3233 
10285 2204 0 705 233 3003 
4450 3363 1638 2074 3643 1623 
5749 1563 1989 0 404 0 
3450 3432 2208 0 4023 0 
1684 1100 724 3465 0 0 
3575 3089 5109 2610 3600 1783 
9199 8576 5001 3741 3642 356 
7551 984 0 166 3135 823 
4925 3422 2406 1369 50 0 
4026 3707 2657 0 809 1231 
1401 3402 1841 22 0 3356 
8534 7098 1715 2048 3678 159 
4159 4366 0 5316 481 420 
8170 587 1617 3616 1865 0 
9403 6875 0 0 4008 0 
4653 7499 6392 4324 568 7369 
4815 0 2457 1489 0 427 
5344 5842 1966 1510 2285 0 
4487 2414 5863 3929 4461 0 
5536 4999 3220 0 2616 0 
5913 5447 1498 2068 826 0 
5223 3062 1008 746 0 27 
5379 2255 143 898 2462 1585 
2963 7547 1459 142 6254 0 
5546 7885 0 0 1364 2942 
5317 927 3938 0 0 0 
6980 8405 1741 1790 658 0 
6280 6189 6236 1276 3910 2672 
3446 756 1333 0 1706 1135 
5841 6898 1381 3976 3693 0 
5331 0 4962 0 0 1175 
7858 154 5367 0 1219 3332 
4718 12074 7693 0 234 4592 
6390 1221 6178 0 5636 479 
8230 3189 3825 2702 0 366 
11345 9934 2203 4164 1405 376 
9305 3415 3366 6140 381 0 
9723 5043 8209 2386 1283 3164 
3540 6817 4630 0 0 0 
13350 2283 0 2999 88 2524 
7178 2413 5618 0 0 0 
4005 3861 4929 2293 0 0 
8641 773 6893 389 6302 0 
4845 6011 2576 2014 358 2442 
10118 6221 3936 0 2402 3236 
11915 0 9548 4070 1667 0 
6154 1752 4828 0 224 0 
3952 342 7438 0 0 1959 
3259 3816 5804 1739 2467 0 
9368 4984 3129 892 0 0 
8355 3046 7708 2153 676 0 
2542 6155 4238 0 0 2634 
9490 4735 537 2565 2201 0 
3723 10798 1403 4136 4611 0 
10120 4521 1615 587 38 0 
5235 7608 3399 2888 1973 0 
1926 4079 0 1077 0 0 
5753 6926 2218 1714 0 0 
8488 7192 2485 1516 5058 2315 
4006 4130 2274 1984 3643 1802 
8578 1414 3768 1609 0 2116 
3075 2958 0 497 0 1391 
7682 2912 2084 0 0 1089 
7058 3124 0 0 0 2265 
2268 2136 110 2403 6852 0 
4294 1998 7801 5463 3185 2676 
11451 5191 2424 1064 1708 1120 
5654 7384 742 0 3320 1898 
5126 5049 2437 1643 1832 2173 
6412 918 2603 5879 295 3367 
1790 4638 0 2579 5400 0 
6021 3844 1606 857 1204 4503 
7888 7441 4685 3628 0 2198 
8619 2363 4914 2021 0 0 
6524 6807 2752 4143 943 4534 
5518 3208 0 350 4325 915 
5392 3763 6761 2174 1322 4162 
8258 1500 3614 0 1388 0 
8490 8846 1068 0 0 1203 
8129 164 3481 2236 975 883 
3614 3860 1766 9632 2379 0 
5330 2974 5257 0 2424 2026 
6568 6851 2431 0 2415 5239 
2328 6955 2985 5675 0 0 
2782 2367 127 0 0 0 
11747 5120 4762 4149 0 0 
2319 6055 3452 2015 3174 788 
7807 3420 2917 1559 3146 1307 
10225 6356 2990 65 1987 2160 
4756 5379 4122 1632 2401 370 
12378 2003 2077 2539 2476 0 
13026 733 3986 471 4656 0 
1674 4892 2238 2043 3524 2103 
9830 5326 0 377 603 0 
7559 3054 2425 4673 1258 1885 
4849 916 0 6292 1363 0 
9981 2198 1220 4622 3142 1267 
4675 2684 2285 0 0 0 
4084 2797 3480 1228 1455 4831 
5511 2630 8107 1878 2301 0 
716 3147 3852 0 2340 2972 
4842 7187 0 0 2812 3339 
4767 2482 2855 4140 2194 2131 
4945 5483 2723 4493 2050 518 
5158 7372 6212 0 3030 2997 
2985 1296 2131 1495 3380 2414 
7244 5055 4680 6842 0 1138 
9635 7476 2711 1574 0 3498 
5830 2344 3989 2476 2488 0 
9084 1382 1501 9757 4285 4881 
8592 4942 5374 2646 4724 2483 
7167 4125 2803 0 2383 0 
13177 2211 1568 6503 0 1449 
11759 8518 0 1983 6365 2329 
9798 4363 6056 1952 0 2386 
6427 5583 2728 1844 0 0 
6765 3101 2514 2349 2668 3430 
9223 2508 1140 999 2942 2936 
2163 3420 277 0 10070 417 
8480 2824 5544 7610 2027 2197 
10619 4987 3158 492 13041 7001 
15720 5194 4285 3765 0 0 
6216 1282 190 2115 1704 1171 
8517 3998 861 783 786 1484 
4108 1602 9291 0 1742 1232 
1248 1810 2851 3375 2661 320 
8091 4593 2718 2563 0 1747 
4048 2617 468 3814 0 0 
5483 5755 4021 0 4759 0 
6455 1184 2140 4336 5645 2792 
4729 0 8383 1862 0 0 
6668 814 6436 0 0 2269 
12724 5685 4518 2851 870 3787 
7288 0 1044 0 3819 1172 
4447 3735 3336 0 867 1805 
4423 5893 3134 2217 1285 1560 
2601 0 3360 6524 3734 4628 
3465 1824 1413 515 192 904 
9424 489 1656 3414 1564 2416 
711 8517 4065 1040 1627 1333 
8813 3342 0 1786 227 0 
1326 2575 4049 33 0 1912 
3480 8041 1742 2598 3298 452 
2906 8942 1669 1239 0 2457 
2301 8637 1676 3963 2235 0 
4274 2890 2289 189 4149 793 
10087 4108 851 3927 2367 2513 
3780 4743 0 1381 0 0 
1765 6658 1479 229 1991 4976 
7320 2868 156 3708 200 2226 
4731 3848 7358 528 1578 7983 
7833 1980 0 5550 0 2904 
5556 2078 0 0 3619 0 
7088 6602 6859 3103 0 3930 
2004 7336 2842 1335 6221 323 
6163 4161 0 4243 1778 7089 
8258 4391 1482 1418 2215 0 
3675 508 4249 5047 1363 2576 
8136 897 0 0 892 0 
9395 3297 3176 944 4094 0 
6233 2398 3096 2025 2670 2431 
5801 2625 1040 2833 4872 0 
4652 0 1581 1814 0 2685 
2318 3746 1832 0 3187 0 
4597 3229 3582 5407 1119 2224 
2708 6526 4025 0 0 1483 
4810 4568 1039 3298 0 1909 
3078 2408 5548 2062 0 1922 
7583 1656 2106 3618 5873 0 
9494 128 5834 3632 557 1860 
5683 11413 2497 0 1223 0 
11167 2278 5340 4066 3620 0 
4571 6960 5366 0 0 0 
2412 6137 1570 1676 0 3931 
4612 305 7091 0 0 0 
10683 5789 0 794 0 4929 
10335 3635 0 2060 2202 2354 
6298 7464 3456 1745 0 1218 
5213 863 5619 2701 1423 1712 
6914 2375 2968 2404 0 510 
5390 4584 6403 1842 2767 1999 
4360 8297 2239 1801 6500 1585 
5536 3145 543 384 384 0 
3873 3737 1310 1509 408 0 
5977 1439 0 890 171 0 
10044 5442 3340 2339 1788 0 
9770 2932 2344 0 0 39 
884 8439 2333 2331 1175 830 
8639 5647 3133 739 5004 296 
4444 11777 3568 0 587 677 
12171 6529 1366 1206 0 0 
8362 2317 3680 1296 1256 1984 
3812 3339 1882 0 0 3095 
4843 8576 7269 2030 2796 1300 
8060 5806 7880 963 0 0 
5514 438 325 0 818 0 
4034 5289 1813 412 1538 0 
7848 3197 2078 5007 3765 1934 
12070 3885 910 2144 2461 738 
5252 3781 1281 6256 1955 555 
6045 1531 2868 1141 1600 0 
3624 4034 0 2014 1782 276 
4224 8234 1516 428 629 640 
4869 6164 973 922 679 0 
4960 1296 4884 2499 0 4060 
5226 12456 0 1188 0 0 
3962 3926 2227 2202 113 0 
11966 2386 765 2503 3060 0 
2606 7564 675 5055 1799 3525 
3412 2058 1759 0 2625 4550 
1244 6138 2288 1761 0 1461 
8854 2213 12373 3391 2115 0 
7992 4863 1624 2623 3519 0 
10606 5573 2755 1089 1168 0 
3372 8641 5036 1358 0 354 
7529 3391 6821 793 4953 0 
7082 11984 829 1997 2348 2311 
9080 1710 6015 2464 3401 1862 
7052 2137 3633 1491 1524 0 
7758 961 3227 2315 1351 0 
3114 4544 5093 6646 1139 607 
2793 4699 200 4066 659 998 
3997 2038 5906 3974 29 505 
521 3321 2183 1 1932 0 
2306 5078 5580 0 1061 1579 
10383 737 0 2266 100 1467 
3103 3288 2361 833 3981 563 
5681 6777 2148 3091 2177 4314 
673 0 2847 1148 0 0 
8471 1542 2187 1939 3447 1933 
4362 2420 4218 4142 1927 2282 
3878 2496 1992 2459 3208 0 
3716 8544 1806 0 1909 2052 
2066 6256 2493 0 0 2998 
1938 1040 2598 1907 5287 0 
13574 5340 3158 2044 1985 5455 
11318 0 107 0 2954 916 
9350 7461 4666 3625 0 1329 
5970 2043 273 2029 0 0 
5055 0 2738 2843 378 0 
9991 5999 371 0 4242 599 
4177 3416 859 1874 170 5765 
4259 3058 4244 2948 2629 3144 
3543 102 3289 1200 3725 0 
2324 0 2664 3992 5739 1798 
8087 4695 3074 804 0 801 
8444 3106 1706 0 5138 1511 
5922 3714 1589 4077 1169 1623 
3813 10499 5600 3664 0 3515 
9189 4876 899 1797 361 0 
5182 2985 3129 2 0 1378 
6171 0 696 575 736 0 
9255 5754 140 0 1784 1827 
1876 1988 0 4598 691 5795 
5066 3080 0 1233 0 1014 
6666 1750 3433 450 5112 4228 
4616 4590 3206 5029 1567 1421 
8764 9593 5656 5542 2779 1006 
6802 537 4903 541 2536 1017 
2170 0 3100 4125 5343 532 
5023 6219 3530 0 4458 0 
7025 2379 2243 2447 1941 901 
3596 4118 4077 4239 2190 776 
6634 5072 1541 2874 623 3926 
9545 3603 1757 0 491 315 
6212 2001 0 4361 1441 3901 
11493 2408 10320 5571 501 2353 
4518 1758 544 4260 1520 1654 
5575 16831 1788 0 4884 0 
7517 5980 1835 1450 1255 7820 
1594 2365 3632 0 0 241 
4409 7404 4424 0 348 1169 
10160 5308 0 2534 6116 1604 
2850 3395 0 3265 1579 43 
2424 3791 2079 0 2310 3676 
3523 4370 3660 1502 0 0 
10632 5403 2329 2217 1354 0 
4461 2790 2429 0 6647 1538 
7802 468 0 109 2664 3829 
9039 7174 1607 0 0 0 
5418 3474 1990 0 3228 324 
933 6524 4582 1832 2572 6505 
11555 3843 3978 4307 2031 64 
6603 8754 2976 4471 0 1423 
14901 121 301 2033 720 0 
3116 3233 3871 1817 0 0 
8050 6049 2071 3721 1835 4266 
9878 635 0 2959 3425 3684 
6710 7721 6525 508 3376 0 
4111 3073 3532 3301 1253 1624 
5480 2020 0 3857 3190 0 
8402 5919 1838 522 2086 1193 
2311 0 3216 2691 2271 0 
8578 2071 4824 0 0 0 
3963 1967 5346 3002 0 1249 
4167 936 2700 2234 2443 3871 
6706 5839 6073 0 6748 0 
4 2788 4315 1242 2491 1875 
6008 5012 3713 6570 318 1887 
1525 2906 0 0 0 7403 
7023 3195 6210 1861 1575 5453 
7271 4394 7407 0 4043 0 
9596 1679 0 502 1255 2297 
2770 2930 0 0 0 0 
5808 2213 551 1334 0 1123 
7055 317 2935 371 3019 0 
10259 1766 4339 287 0 1611 
3244 12 5359 439 1848 1170 
11632 3242 0 0 1196 6262 
8258 2925 7702 1545 3338 3003 
6578 7932 0 4145 5063 3410 
8542 11166 1359 1795 1783 0 
4307 1978 2440 116 0 0 
6927 3610 0 3172 4440 1350 
2868 1228 5935 6294 0 0 
3417 1114 1718 2155 0 0 
3401 3287 2488 2469 0 638 
5302 4075 2213 0 309 3817 
7908 2174 1586 1052 2397 3696 
1442 2003 3669 2307 0 0 
9533 2952 1434 3961 0 735 
6942 2268 3628 4155 5943 2206 
3401 4896 1677 0 6047 1288 
9573 3970 1367 1890 3147 1543 
4513 1217 7420 1297 1428 2323 
10009 2228 7454 1571 7263 3824 
9071 4491 0 742 5444 0 
10585 3291 3430 1790 2664 0 
6918 1784 4904 5459 1202 1836 
1688 5135 2056 0 342 526 
2495 7257 0 2438 5763 0 
763 2225 1287 1473 0 3065 
6721 1030 943 2436 1703 4865 
2500 6746 2754 3266 1772 0 
6185 10627 8598 3219 0 5543 
2140 2384 4715 1528 0 5329 
6112 4753 2374 4563 0 3780 
10241 6334 0 6478 737 2139 
3514 2280 7336 6005 2436 5028 
5643 4183 0 612 0 2713 
2297 4020 1942 0 0 2254 
13882 4011 1366 2375 23 3313 
1183 9908 2571 4621 4842 1459 
5268 5956 3626 0 1118 8403 
3556 148 4128 4657 0 4368 
5635 0 4031 1452 3953 0 
8509 4556 2210 9259 0 2164 
5011 5040 3536 2355 1507 1765 
4349 5976 750 689 439 3442 
8292 3910 0 0 0 0 
4799 4092 4063 2028 3839 0 
2237 3840 3740 0 36 2106 
7223 3539 707 1887 570 0 
3319 3309 2292 0 1553 0 
7558 4481 1250 0 3851 1623 
3955 4994 2124 2653 2768 719 
3187 5922 0 2301 1873 945 
6326 341 1568 1805 903 0 
4050 5648 2640 0 5929 0 
7554 1743 3954 723 2032 574 
5262 6688 4514 4360 0 1281 
5269 1481 9319 4421 0 1533 
4305 3713 2374 2706 1076 2171 
2868 8612 2178 242 0 1769 
2630 5841 3656 1693 847 268 
10267 7583 4157 1984 4102 836 
4207 2771 1576 306 0 3605 
6123 5385 0 5079 1419 0 
6340 4582 0 1585 0 1871 
1294 1686 6394 2430 1930 9630 
6676 1693 3221 3902 0 3925 
4246 7132 1826 0 0 4243 
8945 281 3485 2216 2223 0 
10707 5875 7259 2494 814 0 
6092 3898 639 8628 978 0 
9902 0 3110 5286 1972 2071 
7764 8881 1872 945 666 2586 
8615 4423 90 5476 1973 0 
12613 9414 6967 2939 2481 2477 
8385 4144 5150 1294 6630 3652 
7801 3043 8503 0 2499 1434 
2702 2750 0 343 0 718 
7267 1763 2410 1775 508 0 
5647 4064 2114 2101 0 0 
4822 3098 3429 5785 1618 3283 
8564 4147 1992 1588 942 110 
209 4651 3833 2695 0 0 
6306 310 1800 0 740 2446 
10965 10894 4282 3503 2195 2455 
4302 2894 2154 2051 160 0 
3303 4344 5725 5755 2290 0 
9826 3991 6631 0 3974 2152 
5897 2308 2685 2032 1072 4460 
7192 6290 4302 5333 5413 338 
7170 5737 755 10388 1689 675 
3177 5184 5106 3505 5784 0 
10745 11751 8932 1938 383 155 
2566 0 0 1735 2334 0 
2992 657 1029 0 801 4350 
6746 0 414 0 4352 2644 
5630 5999 2343 0 1384 635 
7355 1945 5546 1807 2781 3998 
2000 3517 671 3721 2171 6076 
6352 3368 4835 0 391 0 
4842 2641 0 2166 0 3735 
5090 6548 1415 732 820 0 
11626 4044 6999 5126 0 0 
2400 9870 2161 3772 1921 0 
3844 3382 2565 886 679 1902 
6019 844 9163 182 2159 405 
6115 1280 2083 1564 1871 0 
6843 4564 5544 2752 1009 8661 
9804 2240 2686 3125 269 1358 
6463 3558 740 3582 1448 1410 
4522 2823 5138 0 2311 0 
5274 2621 0 727 2660 0 
6257 2319 3322 796 4110 1513 
8490 8415 641 1722 3159 0 
6358 6732 2431 8517 0 0 
898 328 5780 1912 2718 642 
10994 2743 2452 3096 4289 3587 
6143 3912 656 4816 0 0 
9458 1125 2101 0 0 236 
6400 1833 0 2994 0 2986 
2916 3563 3877 1843 2197 2316 
9511 5489 3572 0 568 137 
8519 3140 5456 1916 3916 0 
4055 1745 1746 5296 1295 7201 
2825 0 1153 2906 1429 1053 
3809 5376 1048 0 4147 1036 
4777 5442 2049 1883 1259 1343 
8806 1543 2937 2132 1924 2237 
9123 9159 5916 5087 3224 118 
8985 4090 3231 7142 844 1130 
5179 1163 6204 2460 0 0 
8142 9150 2898 687 1031 5261 
3946 4438 94 0 0 2569 
5398 3882 5869 1227 808 0 
6032 3954 1377 1644 226 1482 
6132 3131 8008 482 8443 1720 
5103 3728 8134 0 6233 0 
6489 4704 4438 0 3548 2381 
2006 5510 2828 3116 0 3975 
2304 6621 4711 1735 2046 0 
5551 4965 3223 1847 4338 735 
12071 3250 7884 3095 1063 4558 
12360 4124 6418 2234 3030 135 
976 5184 557 5288 2272 783 
3276 9114 0 1227 708 900 
4174 1975 2347 3121 3223 1559 
296 4203 5836 2053 3031 3747 
7504 7191 45 1223 728 4660 
6489 7877 1526 3682 6374 2178 
8426 4132 4274 0 667 0 
8287 9465 0 4730 518 3958 
13425 3521 3830 1837 2206 1383 
5205 2759 1996 4366 621 4139 
2008 681 0 4845 4159 833 
8176 6918 1205 5551 1153 531 
9398 1234 8329 2135 3662 4044 
5037 3794 1147 3622 708 201 
7103 6952 3554 3624 1097 2355 
4684 8443 1608 1855 3304 0 
5944 2749 0 768 2268 70 
644 9354 1827 2206 0 0 
8058 4868 1680 2419 0 2016 
7769 2985 0 0 0 1308 
9298 2844 5630 2475 0 0 
7650 3673 3839 5338 4340 0 
6432 5165 1160 1895 2965 0 
5028 4468 5360 7163 3761 0 
6483 7350 4141 0 4657 483 
12046 3251 6346 2404 1039 0 
5320 6071 0 3971 649 0 
5367 1128 4736 1375 564 2025 
3668 5046 2767 4957 1435 0 
1474 5965 101 3491 1692 2421 
10132 3684 4273 3376 1354 3511 
2828 3667 6892 2334 2553 0 
3753 9399 2897 7108 7591 2641 
11131 3424 234 1516 0 2604 
4804 4106 6672 3032 0 3575 
4820 4404 2358 4054 1725 3097 
3260 5184 2584 1690 0 0 
12644 6081 1522 2879 2023 0 
2906 6038 4009 2288 2199 0 
4688 4793 2 2949 2302 2491 
8622 2784 6975 0 3633 2300 
7211 10198 4139 3631 1204 2159 
3802 9034 0 0 1705 1808 
8399 5056 139 4466 2296 1906 
9991 1964 6705 0 2883 3835 
6541 4949 2487 3931 1709 0 
3998 7051 3011 1075 78 0 
2762 5751 0 2639 1056 999 
4682 5790 4034 2402 0 0 
3441 2227 559 2527 0 726 
5196 5869 644 0 0 0 
1004 4701 1440 2846 561 2288 
3003 7277 3809 1690 0 1887 
1043 5213 0 1520 289 3578 
2108 652 1659 1611 544 287 
6402 703 1224 1654 2221 0 
7227 704 114 2975 0 0 
4751 9973 2756 155 1444 0 
7480 1579 4535 1118 2446 1950 
3652 5159 213 0 6804 0 
6608 619 599 2583 0 2385 
6079 6729 48 0 27 2031 
3657 1833 1446 0 1651 2543 
3774 1936 2403 2723 0 1005 
8213 5188 254 2410 1794 231 
10414 5867 2674 3688 2463 0 
8005 964 3423 0 713 2909 
7862 2162 2409 0 0 2239 
4824 4725 1733 255 1252 0 
2948 2915 5684 840 3589 0 
2592 1326 5163 4373 0 1053 
7092 5455 4593 2392 3498 2823 
5943 2011 751 0 0 0 
5375 1660 3046 2054 0 837 
6727 2990 2769 1464 743 2713 
5612 3252 1764 2006 1341 1745 
10244 3020 3618 0 570 3481 
6554 0 12644 0 1833 0 
5451 7262 1402 3390 0 0 
8169 10205 1549 0 0 4237 
6246 1001 851 7996 0 0 
7919 2433 1216 0 1118 0 
9316 5631 5324 0 3369 2330 
4078 3481 1183 1203 1445 2143 
2100 2506 4249 0 0 2289 
6376 3447 5978 3531 3116 355 
3196 4704 0 0 1794 1831 
7733 4061 1951 2037 0 0 
7772 4037 3517 2002 0 2576 
6412 2799 1771 1801 2956 2790 
7859 8248 1285 2322 2181 1696 
6619 3009 4561 359 3028 4255 
11778 5951 1341 0 1901 1032 
4545 9294 1967 3207 581 2078 
1479 3138 0 743 5083 3547 
5341 7419 0 4893 109 0 
1674 5287 1213 4329 358 0 
2298 3361 4669 2637 801 2299 
1876 6684 5476 0 35 3373 
8938 5838 2479 3179 0 0 
12405 3605 0 0 1249 3155 
4494 0 4924 17 2064 428 
9708 9012 3385 128 3707 4652 
5097 6360 3932 0 2597 74 
7555 1397 0 1705 0 1804 
6883 2970 3077 4489 3706 1242 
8133 317 2202 1288 5552 637 
7708 2374 4985 0 5425 0 
4979 3946 1549 3790 2370 924 
2646 7175 4637 0 3841 2319 
1734 3926 0 3361 0 3165 
7466 933 5075 2360 0 192 
11645 2462 3761 0 2602 700 
3373 2110 2909 21 523 638 
5525 6646 7993 3359 2280 4184 
5495 2946 9877 1056 1384 0 
7276 2193 4094 2142 2302 0 
10774 2314 1546 2007 2146 5113 
7178 5288 104 2454 0 0 
13043 2648 0 2364 3011 2932 
10112 1722 1577 5447 633 2472 
7720 5564 0 4870 2878 616 
4387 1555 1383 2164 0 0 
1210 2272 4005 1080 2866 1907 
10024 5740 291 3719 0 4753 
8739 3004 1355 3634 0 1985 
2850 2207 8332 7393 5751 0 
12109 1273 291 0 979 4768 
1930 3829 5885 3833 1839 575 
8372 9288 7143 5974 53 0 
6125 828 7565 0 123 2991 
5516 1310 2421 832 3717 0 
7321 4208 1224 4602 4089 586 
10940 12389 2232 1703 4422 2377 
2361 4672 0 0 2636 1186 
5567 11105 850 0 0 5040 
6087 0 667 4195 2597 4352 
3404 1490 1815 0 5167 1015 
6767 883 0 6443 2456 0 
6338 6183 7197 1266 0 645 
4811 3937 400 3207 5437 3666 
7513 6994 2805 2562 2293 1913 
7801 6780 1735 1672 0 2890 
4267 2796 0 2878 1785 6673 
7931 9891 2486 1726 3562 0 
2591 0 5319 1265 0 0 
5339 0 1297 2402 5619 320 
5461 3746 241 477 672 0 
3766 302 0 0 0 2705 
4062 2601 0 4065 393 0 
7862 6369 2410 8114 1870 0 
5374 3754 5655 6358 692 2783 
9510 1258 0 1635 1534 221 
8686 4850 1692 4399 0 2175 
4676 270 2478 1996 1125 435 
3944 7916 12349 0 4052 1256 
6039 5321 135 3422 3152 4356 
7969 5151 3900 0 0 7053 
11375 5527 1213 6376 1748 5960 
1037 3247 3391 2066 0 1227 
9689 2673 2610 0 3245 1046 
4439 2096 840 4127 3417 0 
759 8328 504 0 6185 1892 
7881 1470 0 2185 5468 3084 
7195 10486 4432 246 0 1129 
1911 2814 3370 0 6327 4043 
14456 0 2971 2041 3535 7730 
0 2264 1320 2197 1913 0 
9694 0 3963 57 1323 0 
5780 7456 1866 1371 794 3354 
5516 7227 2762 0 1657 404 
6922 6639 5826 4321 5273 2772 
4454 3659 2851 1633 0 5323 
9769 3879 5156 211 1415 2018 
7810 2962 4497 2329 0 4018 
2016 3027 3736 820 1219 0 
7468 5138 9421 5138 2033 0 
2154 6160 11412 1962 0 3284 
4815 1847 5420 1343 2538 1 
5591 5511 3207 0 3900 275 
9890 3102 2652 1552 0 1017 
4929 1859 2105 0 0 2114 
3810 0 0 823 785 2153 
6213 6340 1844 0 0 1644 
3984 0 5516 973 0 1396 
4427 1264 6230 0 2812 0 
4193 1359 4166 700 2169 2432 
821 2474 1897 1727 0 2421 
2614 1010 9011 2504 2571 3350 
8569 4544 904 1482 0 2067 
6131 8482 2142 3401 3607 0 
7923 0 0 576 4514 2325 
5173 2411 3802 5205 2205 438 
2824 3605 3454 1415 1231 4630 
11543 1165 2815 0 0 1215 
6105 5122 2312 0 1420 2025 
12682 3174 3643 518 60 2579 
3973 3934 610 3077 0 0 
4906 3241 7668 1036 5552 3939 
3765 4726 875 1046 0 2146 
9483 4234 0 2270 1252 0 
9923 978 1216 3728 2434 2961 
2055 3999 0 1310 849 2506 
6276 6415 2225 1187 4578 0 
8614 1752 1350 2176 317 823 
4673 6223 0 3277 1420 1324 
1752 0 0 4243 4361 3086 
5021 3617 1810 4336 2383 0 
10371 6260 0 2221 916 6370 
10017 2337 2166 1734 0 0 
3485 3126 714 862 1549 3859 
2595 2871 2200 7359 0 0 
1944 11179 0 4060 2331 0 
9184 4751 273 4952 2124 0 
5563 3596 1339 2824 2073 0 
4427 6383 3658 0 0 2330 
6912 11540 282 0 1130 1213 
3394 1086 292 2810 665 1980 
7160 10350 4536 1028 945 268 
2875 3644 0 1098 521 0 
6287 4538 1182 1672 0 0 
5158 3588 4902 3293 0 3954 
4552 3027 1430 2127 1786 477 
13844 1026 0 0 2374 1087 
8749 984 1388 3821 1149 2131 
10607 1739 2237 1151 1773 2735 
5334 4078 6636 0 1702 3905 
5670 4662 0 0 1225 4130 
7837 1136 4037 2330 2638 0 
7363 2320 3781 2698 3695 2099 
5183 6297 3837 1048 238 4167 
