0 2999 2346 998 0 0 23893 21246 11919 23359 4542 2983 5027 2108 4806 971 4167
1 1212 56 4178 0 0 17089 21564 23625 23523 4742 1714 2415 3569 4576 960 4167
2 39 570 1608 0 0 11986 20234 15034 23780 4858 1559 3459 2457 4701 1002 4167
3 9338 2887 22 0 0 23663 17254 18038 23201 3238 1863 2292 3168 5048 900 4077
4 8733 5858 3818 0 0 21599 21417 11789 22985 4724 1820 5625 2073 4542 923 4167
5 5894 4787 28 0 0 17852 21047 14369 23849 3274 1545 3675 2583 4499 906 4167
6 2763 1049 1415 0 0 18408 12359 20694 23949 3567 1825 2015 2656 4553 902 4167
7 6633 32 1691 0 0 24071 12129 14691 23567 5184 2201 1774 2895 4415 968 4138
8 6890 849 48 0 0 20320 14767 11377 23415 4735 1856 2486 1768 3865 906 4003
9 4749 2484 40 0 0 12638 11844 12149 23635 5290 1626 2784 2025 6288 950 4167
10 7855 5198 2255 0 0 26308 18113 21342 23898 4714 2880 3108 4383 6813 854 4167
11 860 45 75 0 0 20513 20371 18232 23669 5307 2398 3194 2299 4397 956 4167
12 1616 4032 44 0 0 14992 17572 12076 23984 4719 1709 3218 2384 4701 960 4167
13 2226 1771 1268 0 0 24008 14985 21186 23238 5203 1719 3363 4437 5348 946 4167
14 4359 9513 1222 0 0 21112 21250 15107 23643 3564 2300 3385 2348 4447 923 4153
15 2864 5130 2177 0 0 20976 17538 17497 23489 3980 2657 3695 3340 4855 936 4167
16 9597 4362 6791 0 0 18012 23705 23298 23578 4645 1728 3437 6609 4953 980 4167
17 1966 1356 8535 0 0 21250 18180 14979 24222 5156 2173 2298 2658 5153 1029 4167
18 1458 4964 3150 0 0 17333 21067 14835 23485 4224 1834 4401 2731 5579 958 4167
19 1830 4664 1578 0 0 17586 12420 18003 23019 4620 1559 2652 2111 4270 978 4055
20 6120 1809 772 0 0 20631 14817 17457 24267 4716 2035 3146 3103 6671 906 4167
21 1442 1890 404 0 0 11883 18206 12000 23642 3774 1658 4465 2495 3863 880 4167
22 4303 6023 3216 0 0 14728 15771 8862 23471 4540 1603 2308 1818 5398 972 3962
23 4768 1780 1929 0 0 24289 23319 12135 23298 4922 1971 2906 2346 6636 925 4167
24 7064 11266 6872 0 0 21015 21939 18359 24048 4572 1763 4493 3878 4655 928 3998
25 80 3636 2475 0 0 12112 23962 24078 24389 4950 1434 5678 4284 6577 944 4167
26 12629 293 2371 0 0 17774 21679 20525 23150 4463 1741 4878 4225 5783 934 4051
27 880 873 1735 0 0 15093 17789 23621 23919 4069 1613 2305 3272 5349 888 4167
28 1926 1265 50 0 0 9165 14979 24687 22944 3958 1683 3646 4673 4199 955 4167
29 1164 6322 3101 0 0 21618 21453 24020 23712 4723 3427 2642 3383 4858 912 4128
30 653 2105 2489 0 0 18087 15281 21447 23596 3490 2702 2657 3357 4839 921 4146
31 4966 684 0 0 0 15679 11589 10904 24077 5389 1756 2278 1979 5927 929 4167
32 204 3188 1501 0 0 12308 23154 20733 23542 3909 1557 4774 2879 4413 923 4167
33 2050 1771 1915 0 0 24015 23844 17935 23230 4392 1785 6103 3178 5242 946 4167
34 35 194 2478 0 0 12496 12029 11791 23349 3475 1591 2621 2446 5138 909 4167
35 2127 12241 24 0 0 15338 24099 20347 22919 4459 1885 6284 3914 4840 975 4167
36 19568 4248 2497 0 0 17915 14442 23563 23668 4480 1856 2842 3060 5393 934 4167
37 135 799 2994 0 0 20781 24298 23720 24146 4513 1820 5351 4708 6008 1019 4167
38 17707 2799 436 0 0 23641 12272 15659 23830 3525 2209 2342 3325 4945 950 4167
39 15005 4428 1082 0 0 18082 17844 14899 23524 4359 1972 3502 2719 4786 913 4167
40 50 1283 1901 0 0 21437 20907 17990 23552 4476 2558 3868 3126 3914 926 4167
41 1966 10 2412 0 0 20926 8928 17745 23674 4052 2564 1616 2735 4331 916 4167
42 739 698 4000 0 0 18234 18586 14890 24258 4379 2053 3529 2528 4309 919 4167
43 2486 15765 2286 0 0 12200 24679 17529 23942 4537 1463 6161 3029 5272 984 4167
44 9766 1106 1776 0 0 21820 20886 23439 24091 4792 2107 3398 5024 4449 994 4167
45 823 28 354 0 0 9018 12425 12220 24781 4439 1107 2111 2458 6222 983 4167
46 3414 517 1023 0 0 9493 16097 21096 23842 4979 1227 2970 4152 5402 979 4167
47 1788 73 1615 0 0 14530 17600 14433 22656 4365 1328 2584 2893 5371 923 4136
48 3119 6380 4758 0 0 19021 24646 21239 22838 4689 2546 6886 4515 5083 933 4167
49 4140 1728 2066 0 0 15018 18729 18116 24502 4379 1730 2745 2421 5546 958 4167
50 11218 1475 2422 0 0 24036 20741 20664 23354 4323 1968 3655 2819 4685 910 4108
51 49 476 1496 0 0 11838 23920 17816 23206 3567 1476 3952 3059 5072 901 4167
52 10895 1831 6080 0 0 24145 14717 23847 23587 4481 3345 2704 4724 4304 948 4032
53 2174 1204 35 0 0 24096 15025 14741 23519 5620 3048 2173 2203 4679 984 4167
54 8742 40 4667 0 0 17838 17780 17639 24079 4669 1726 3032 2933 5709 961 4167
55 48 1207 961 0 0 18139 24234 14634 22910 4499 1633 3572 2481 4568 962 4167
56 15281 1161 79 0 0 24883 15193 14626 23076 4547 1804 2587 2056 6257 912 4167
57 19591 0 75 0 0 20052 19709 20466 22783 4037 2008 3768 4334 6602 933 4167
58 11408 3621 1292 0 0 17799 15119 14396 22782 4246 1776 2469 2428 5220 905 4090
59 11726 10770 2253 0 0 14782 17224 18239 24146 5217 1554 2295 3034 4600 905 4036
60 3168 1236 3527 0 0 12447 11567 20474 23120 4386 1735 2072 3791 4402 944 4167
61 4561 4201 4475 0 0 21411 21307 12198 23434 4974 2132 5544 1991 5513 967 4109
62 2068 3498 1240 0 0 18592 17663 11749 23233 4752 2218 3542 2755 5356 1007 4167
63 1650 2760 328 0 0 14930 23903 20911 23721 4526 1930 3937 2412 4993 915 4079
64 2968 56 46 0 0 20842 21671 17568 24191 3882 2065 4649 2671 4936 897 4167
65 8758 92 4173 0 0 12644 21657 23732 24412 4699 1614 3218 3123 4262 985 4167
66 1309 324 507 0 0 17886 23809 23937 24101 4738 1611 3553 5027 4646 942 4167
67 8173 54 39 0 0 24323 23584 18010 23165 4569 3504 2744 3349 4367 897 4167
68 39 4843 2889 0 0 21492 15456 21028 23181 4686 2602 3017 3938 4841 944 4167
69 3785 6377 3152 0 0 20796 21324 24504 23279 4062 1902 4103 4746 5644 944 4167
70 4786 1010 2696 0 0 12641 21330 20377 23291 4337 1666 3306 4036 4187 941 4167
71 12572 1374 7153 0 0 17489 14884 23722 24433 4314 1589 2133 4972 5810 987 4102
72 3184 2559 2749 0 0 9342 24085 17965 23729 4278 1495 5850 2653 5061 944 4167
73 1158 2432 50 0 0 14827 23761 20974 23504 4569 1722 4210 4778 4345 892 4167
74 9530 5001 1442 0 0 24417 23852 21798 23821 4632 2269 4431 3096 6577 921 4167
75 5839 47 3253 0 0 21304 14422 11860 23734 4465 1911 2131 2209 4854 958 4167
76 2808 5 804 0 0 21527 14872 11844 23390 3345 2025 2643 1734 6057 942 4167
77 4085 1978 135 0 0 24320 20770 23962 23747 4094 3555 3458 3295 5656 991 4162
78 9343 75 2252 0 0 20985 12864 18684 22875 5112 1877 2058 2505 4819 906 4167
79 48 720 973 0 0 12145 11923 17844 23461 3376 1679 2263 3242 4851 913 4167
80 10422 1314 40 0 0 23814 23510 17769 23793 4345 2031 3266 2400 4683 923 4167
81 10985 1916 556 0 0 17977 15399 18060 23017 4188 1372 1973 2919 4566 904 4167
82 11981 302 1169 0 0 20598 14899 20190 24181 5038 1439 2783 3557 5649 990 4167
83 3902 11094 1523 0 0 15076 24044 23244 24316 4538 1901 4727 4275 5256 989 4167
84 5391 3532 76 0 0 14951 17678 20550 23786 4687 1871 3272 3042 5947 936 4167
85 14791 7455 2841 0 0 17907 20702 20527 22510 5056 2019 4066 3697 5078 960 4167
86 4824 2405 3233 0 0 20827 11816 11857 23417 5056 2506 1880 1910 4740 986 4167
87 2234 8906 3855 0 0 23580 23192 20065 22889 3795 3020 5322 3197 4136 964 4167
88 365 846 4101 0 0 20555 17540 23657 22967 4640 1789 3616 3930 4165 938 4167
89 11682 67 52 0 0 14940 12192 18142 23603 4300 1819 1946 3505 4502 991 4167
90 2295 3166 2385 0 0 15043 20813 23923 23381 4725 1640 3960 4607 4295 941 4167
91 6254 65 997 0 0 15332 17403 11940 23702 4736 2206 2155 2013 5669 945 4167
92 10535 7146 1605 0 0 12389 14679 20608 23590 3152 1434 2783 3613 4747 877 4095
93 5947 21 45 0 0 18265 11993 15380 23306 4375 2104 1683 2949 4355 889 4167
94 7897 44 5185 0 0 21732 15270 23583 23317 3612 1840 2639 3920 4968 920 4167
95 5730 5068 5799 0 0 15064 15378 20646 24452 4844 1853 2341 3275 5514 940 4114
96 16078 3465 2156 0 0 21268 14761 24131 23951 4706 2192 2744 4866 5387 951 4167
97 5468 1536 1340 0 0 23003 14919 17942 23503 4920 2032 3164 2308 4742 942 4167
98 2311 6817 143 0 0 14726 20649 17781 22343 4487 2091 3772 3798 4473 867 4167
99 69 57 4531 0 0 9344 14725 20706 23288 4787 1345 2592 2640 4463 978 4167
100 149 3117 21 0 0 17878 20839 14578 23091 3875 2088 4467 2073 4697 959 4098
101 6570 2 363 0 0 18115 23962 23646 23730 4478 1800 4418 3351 4511 925 4167
102 3667 8539 1750 0 0 15509 24060 17839 24530 4287 1387 3731 2957 5559 875 4167
103 2716 14009 71 0 0 11974 24416 17830 23310 4663 1426 4752 3070 4516 919 4167
104 2832 8942 2163 0 0 9026 15237 20542 23561 3903 1616 2396 2903 4468 936 4167
105 1015 49 2983 0 0 15310 24143 24030 24121 4746 1537 5071 4097 4913 928 4167
106 6862 41 72 0 0 15331 15696 9688 23275 4885 1722 2998 1787 4522 989 4167
107 3516 762 2650 0 0 18309 11984 14863 23785 4748 1387 2042 2332 5166 930 3994
108 4040 2760 39 0 0 20745 23695 12079 23787 4948 1647 6529 2205 4745 938 4167
109 30 49 819 0 0 24144 14240 17592 23657 4381 2004 2519 2880 4908 935 4167
110 1717 1173 2596 0 0 18172 11223 14824 23546 4939 1967 2417 2183 4431 925 4167
111 7516 1378 3126 0 0 21203 11933 17941 23540 3082 2340 2233 3502 4627 964 4167
112 3071 2379 237 0 0 18343 15331 23398 23545 3967 2096 2553 4563 5206 875 4167
113 310 2123 1728 0 0 24133 17641 17075 24184 3925 3047 3960 1821 4841 986 4167
114 21758 2590 1827 0 0 24330 20569 20842 23118 3386 2715 4371 4321 3942 884 4048
115 5607 334 257 0 0 20843 21111 21078 23744 4438 2409 4406 4971 5704 964 4167
116 528 4363 90 0 0 20931 8990 8596 23152 4165 2224 1882 1654 4411 903 4094
117 8635 4636 183 0 0 21617 12057 14520 23666 3452 2297 2478 3410 4974 900 4167
118 1717 8853 3224 0 0 20032 20982 21309 23282 4770 1697 3961 3191 5521 1011 4167
119 17033 1715 562 0 0 18581 18010 14795 23455 3962 1953 3850 3173 4446 970 4154
120 17483 2374 16 0 0 23516 11990 11875 22902 4858 2262 1637 1948 4226 952 4167
121 2773 18 307 0 0 11889 18459 14751 23222 4129 1530 3107 2680 3950 929 4167
122 3972 15 1727 0 0 18040 14750 24127 23329 3536 1758 2536 4638 4098 902 4167
123 4801 1335 1124 0 0 24595 17931 15334 23407 3530 2836 3142 2336 5885 908 4167
124 61 6766 913 0 0 12297 11828 15034 23970 5170 1364 2341 2499 5180 1018 4167
125 4912 3829 1141 0 0 14892 17955 20103 23124 5211 1845 4024 2942 4936 938 4138
126 829 2439 1346 0 0 15465 20952 21034 23268 4595 1894 4525 3204 5891 956 4167
127 61 7694 1526 0 0 21178 24854 11820 23856 4484 2477 5331 2910 4318 944 4167
128 15 2236 37 0 0 15698 11886 20600 22955 4969 1732 2468 3573 4850 977 4167
129 2496 1628 4800 0 0 18677 24317 18099 23741 4794 1797 4741 2642 4701 975 4167
130 49 4773 2038 0 0 17878 18164 21386 23892 4988 1624 2489 2253 5138 961 4167
131 8488 606 1347 0 0 14859 24027 20915 25940 4288 1428 4669 4241 6262 959 4167
132 1764 3154 723 0 0 9215 24372 21499 24773 5103 1517 4442 4181 6383 968 4167
133 183 1404 1279 0 0 17579 15067 14833 24961 3152 1874 2423 2783 5059 955 4062
134 3409 32 4440 0 0 8745 24159 18090 23660 4762 1487 3938 4159 4238 962 4167
135 2769 2224 109 0 0 11676 12352 21195 23820 4744 1455 3243 3598 4979 960 4167
136 2781 514 33 0 0 24464 15207 14876 23029 4459 2103 3479 2689 4654 1010 3959
137 14216 2018 166 0 0 24317 23536 21215 23510 5381 2319 4504 3812 4416 974 4060
138 11891 39 3593 0 0 23878 12284 17366 22790 4976 2761 1868 3391 4449 935 4167
139 1941 1146 2623 0 0 15077 13713 23503 23270 3572 1912 1953 4374 5088 898 4063
140 660 558 2161 0 0 23608 17318 21044 23989 4068 2299 3432 3511 5389 919 4103
141 1244 3586 177 0 0 24196 24926 15009 24544 4290 1747 6954 2137 5329 947 4167
142 6244 174 1062 0 0 20880 20291 20677 23382 4683 2416 3114 4781 5160 956 4167
143 144 191 365 0 0 14929 23989 17761 23379 4433 1422 5260 2505 5501 963 4167
144 4489 1814 2572 0 0 20542 12111 17952 23301 4888 1959 2131 3846 4489 962 4167
145 3009 4270 1601 0 0 11908 11951 14696 23594 4203 1510 1896 2785 5033 988 4167
146 10307 2619 2184 0 0 18671 14878 12096 23067 5471 2324 2860 1980 4620 949 4167
147 8999 2277 2257 0 0 21046 18533 23991 23351 3511 2240 4146 5068 5188 995 4108
148 1125 46 3993 0 0 12604 15526 17638 23773 4638 1455 2965 4006 4364 963 4167
149 6357 300 2496 0 0 21001 23631 20249 23241 4868 2288 5410 3319 5556 946 4167
150 3764 4953 1585 0 0 24213 17838 24372 23428 4620 2056 2853 3094 5667 926 4167
151 770 0 1704 0 0 8814 11890 20853 23080 3485 1425 1773 3475 5927 986 4091
152 27593 1603 731 0 0 24234 21145 20751 23518 4375 2628 3693 2911 4064 939 4003
153 35 3458 1981 0 0 12569 21340 24340 23383 3625 1738 3787 3542 5622 919 4167
154 2750 165 620 0 0 20799 8683 21115 23776 4663 2825 1164 2820 4780 985 4167
155 6194 1408 794 0 0 24315 23997 14806 23712 4434 2424 4909 2874 4485 957 4167
156 6349 941 2847 0 0 17937 15200 21095 23531 3656 1598 2739 3701 5090 877 4167
157 7867 48 1791 0 0 15029 18040 20431 23828 4994 1670 3590 3439 4707 956 4167
158 323 3 417 0 0 20984 12076 23236 24241 5192 1947 2119 3867 6133 970 4167
159 8904 8871 1848 0 0 15249 21800 23969 24372 4641 1971 4446 4220 4603 932 4167
160 83 1248 95 0 0 17808 18986 11770 23090 4596 2297 2304 2028 4665 914 4167
161 7980 1722 2140 0 0 20998 12265 18404 23024 4638 2203 2200 3931 5082 950 4140
162 1600 5375 4233 0 0 12020 23680 20409 24235 4476 1825 4691 3442 4598 922 4167
163 45 50 14 0 0 18369 14883 12092 23780 4201 1430 2580 2306 4395 956 4167
164 3304 1553 1690 0 0 18150 21403 14690 23094 3683 2384 2877 2223 5309 883 4167
165 14 3543 3048 0 0 14689 18106 21249 24597 4638 1735 4136 3094 4851 969 4167
166 6636 10071 42 0 0 20198 20808 11497 23938 4647 1863 4455 1886 5046 962 4167
167 5553 80 6645 0 0 17872 23585 14667 23302 3614 1571 4312 2659 5146 905 4167
168 1452 3938 918 0 0 15356 23617 15139 23173 4036 2262 4030 2639 4404 913 4111
169 16123 6260 2125 0 0 14942 18208 23822 23092 4407 1609 4059 4620 4336 945 4167
170 2002 2899 1299 0 0 15295 24278 14541 22777 4365 1796 3585 2218 5901 893 4156
171 7368 2609 1755 0 0 23844 17773 17950 23821 3884 1639 4290 3024 4387 909 4167
172 321 287 42 0 0 17806 20186 12217 24003 4686 1587 2717 2028 4998 976 4167
173 11953 5168 4121 0 0 17507 14714 24097 24451 4664 1737 3383 3675 5017 960 4167
174 1828 663 1615 0 0 9218 20899 17565 23318 5025 1553 4394 2832 4965 989 4167
175 1822 56 44 0 0 18858 24028 18184 23476 4192 1738 4432 2601 5225 905 4167
176 70 0 1506 0 0 18127 17553 23410 24160 4889 2312 2046 4040 4948 1003 4167
177 2074 2472 2309 0 0 12063 11857 20782 23032 4584 1794 1998 2554 4095 907 4167
178 3031 2030 865 0 0 23682 17533 20869 23400 5345 1933 2890 4133 5045 918 4167
179 3672 4707 2512 0 0 21816 15147 14863 23245 4612 1950 3334 2882 4337 941 4167
180 3609 1093 1228 0 0 18348 15597 21130 22922 3918 2274 2490 4308 4956 903 4167
181 18445 1598 2265 0 0 21310 17765 17903 23039 4647 1767 3323 3456 4862 915 4167
182 1889 1465 10735 0 0 14794 20762 21275 22812 4129 1910 4112 3335 5417 928 4093
183 3195 2003 6448 0 0 20553 21244 12306 23173 5048 2339 4992 2393 3885 996 4067
184 25550 2260 2373 0 0 24130 24285 20081 23520 3488 2646 4270 2302 4689 972 4012
185 6220 2157 3183 0 0 14762 11394 20518 23375 4503 2170 2113 3400 5072 916 4139
186 7323 3980 3233 0 0 21450 17984 20576 23486 3746 2280 2597 3201 4945 961 4167
187 7315 20 2077 0 0 25305 21251 14732 23471 4603 2776 2799 2589 4779 954 4167
188 15697 1783 3208 0 0 23748 14983 20447 23527 4389 1734 2134 3678 5288 921 4167
189 6529 1315 1254 0 0 12365 18210 18175 23031 4673 1575 3527 2805 4978 989 4012
190 8334 1757 1511 0 0 17640 23956 14839 23626 5157 1576 3537 2677 5918 923 4167
191 1574 219 590 0 0 17563 12738 17863 23798 4799 1637 2685 3385 4239 986 4167
192 3687 3601 2719 0 0 21236 17751 20609 23736 5270 1880 3035 3607 4777 966 4167
193 2683 1308 836 0 0 14896 8944 24012 24214 4695 1824 1880 5376 4364 976 4167
194 6603 12233 1129 0 0 23768 18511 24174 23645 4387 2598 3832 4509 4857 904 4167
195 148 2416 567 0 0 9212 18480 15070 23809 4715 1309 3667 2638 5806 927 4144
196 11479 50 33 0 0 18328 17564 21067 23216 4078 2132 2798 2985 5226 927 4167
197 23 1107 42 0 0 14365 11292 15096 23718 5120 1488 2418 2933 4982 928 4167
198 1272 6069 1562 0 0 14756 23539 20987 23231 3228 1680 4529 3716 4675 913 3981
199 2612 4681 1503 0 0 20832 18077 15239 23447 4656 3145 3262 3288 4119 954 4127
200 5201 10887 78 0 0 12512 21263 17760 22896 5045 1306 5258 3184 3847 936 4167
201 17634 2971 6068 0 0 20629 15259 24351 23362 4871 1982 2967 3010 4213 999 3940
202 14304 4888 16745 0 0 24979 17726 24221 23420 5396 2219 2979 4042 4963 990 4167
203 16276 1754 633 0 0 17894 23483 20568 24280 4839 1991 3966 4338 4700 872 4167
204 4431 2677 752 0 0 12123 17459 17804 23168 4965 1337 3940 3467 4446 938 4167
205 7275 2011 3152 0 0 15729 11466 20792 23585 5132 1862 1974 3984 5324 963 4167
206 989 3453 88 0 0 15121 21185 11642 22994 4932 1954 4043 2107 4265 947 4167
207 2563 158 39 0 0 21137 12117 11958 23488 4592 2616 1829 2218 4520 998 4167
208 5974 624 5364 0 0 14786 12046 14769 23513 4856 1991 2426 2787 6353 927 4150
209 728 3709 349 0 0 20778 17457 11997 23047 4830 1803 2687 2436 4431 957 4167
210 193 1946 2409 0 0 14907 17915 18274 23374 4473 1508 2838 3040 4805 958 4167
211 30 2262 29 0 0 18285 15058 16529 23743 4393 1973 2005 2473 4805 936 4167
212 6981 364 847 0 0 12315 24992 15168 24107 4771 1604 3686 2709 5288 949 3939
213 1845 7577 3910 0 0 11945 17914 20269 23905 4387 1384 3473 2549 4606 972 4072
214 896 2262 2058 0 0 12675 15158 17996 23208 4815 1613 3328 2749 4193 947 4167
215 13586 27 4644 0 0 21103 14843 23283 22639 4858 1855 2337 4157 4370 985 4167
216 1661 1546 1610 0 0 17642 18071 23099 23185 4694 1630 2750 3637 4359 888 4144
217 5373 336 38 0 0 20426 16684 20401 23103 4942 1679 2457 4427 4229 903 4167
218 4011 7291 3287 0 0 12252 18051 23473 23210 4804 1207 3312 3651 4306 912 4167
219 4050 14 160 0 0 24055 14475 18020 23237 4211 2544 2613 3733 5694 905 4167
220 12252 1167 1624 0 0 21165 20920 23302 24404 4636 1458 3556 5062 5093 948 4167
221 634 4573 2619 0 0 21258 14863 11862 23901 4771 1554 2484 2457 4248 946 4167
222 1019 5216 3605 0 0 9405 14792 17942 23374 5295 1340 2787 2633 4655 940 4144
223 2482 3191 1619 0 0 18284 18279 11933 23217 4793 2479 3209 2221 4622 945 4167
224 1978 2517 187 0 0 18094 20979 20527 23977 4768 1787 4148 3630 4670 952 4167
225 4010 4879 49 0 0 15325 20800 21626 23538 3235 1355 4592 2832 5079 943 4167
226 22 4679 1788 0 0 18233 20504 23794 23253 5155 1953 4449 5209 4647 900 4167
227 6113 10005 2438 0 0 17615 23908 23026 23280 5152 1658 4619 3412 5705 933 4167
228 15179 1704 3982 0 0 24277 11890 14540 23980 4436 2682 3056 2272 4318 914 4167
229 5045 4376 1423 0 0 12459 15627 12350 24392 4607 1788 3463 2682 4688 962 4033
230 8450 42 1282 0 0 17996 17502 20566 23042 4560 1733 2971 4326 4128 920 4167
231 321 48 2082 0 0 18675 20707 20745 22808 3571 1957 2001 3909 4514 895 4155
232 14676 912 23 0 0 21200 17731 11391 23322 4292 2288 1670 2349 5822 862 4116
233 15012 1757 98 0 0 18067 21426 12071 24369 4421 2491 3100 2042 4639 958 4167
234 3963 116 2072 0 0 15047 19522 17992 23745 4345 2393 3727 3577 4959 960 4167
235 7436 4183 27 0 0 24369 21327 21187 24139 4731 2103 2878 3344 5194 951 4167
236 730 5009 101 0 0 12179 17991 11697 23351 4810 1583 3381 2037 4872 919 4167
237 17 2097 2578 0 0 15528 17631 20279 24405 4639 1605 3208 2845 4951 986 4167
238 68 0 1414 0 0 14678 9082 21409 23234 5570 1480 1544 3488 5998 992 4167
239 7613 297 2562 0 0 21377 21278 20692 23453 5372 2626 3457 4304 5133 1021 4167
240 33 3113 2864 0 0 9732 17996 23839 23729 4371 1459 4660 4763 4948 959 4167
241 23288 65 42 0 0 21066 20428 17849 23159 5397 2111 4095 2937 5175 950 4167
242 1674 2311 607 0 0 20901 15592 20626 23260 4964 1946 2284 2718 5636 950 4167
243 5281 46 4142 0 0 17346 14238 17664 23757 3834 1708 2346 2571 4412 907 4167
244 13999 678 4044 0 0 21177 12358 21662 23947 4809 2435 2571 3871 4310 985 4156
245 1960 959 1910 0 0 14791 14420 14937 23180 4932 1527 2774 2744 4607 891 4167
246 2824 2584 7059 0 0 21151 15048 18792 23682 4049 2434 2726 2734 5059 894 4167
247 2569 1133 4 0 0 17681 15007 23846 22937 4785 1997 2534 4364 4325 966 4099
248 1672 7948 1327 0 0 21335 24461 20358 23613 4198 2096 5068 3236 5406 956 4167
249 11377 34 567 0 0 18075 15477 21333 23923 4613 1623 2337 4235 4396 895 4167
250 9296 955 839 0 0 23744 24190 15474 24079 4733 2696 5647 3677 4840 998 4167
251 8220 4643 1418 0 0 20703 18184 21318 24281 3608 1754 3611 2627 4978 917 4167
252 4500 306 1120 0 0 15498 20807 15095 23316 4724 1740 3777 2861 4677 952 4167
253 17347 2714 1904 0 0 20963 14784 23657 23603 4304 1783 3229 3954 4368 913 4167
254 96 1373 47 0 0 14982 8934 17731 23613 4596 1664 1709 2862 4717 916 4167
255 1205 3428 2640 0 0 9442 17993 18624 23337 4737 1219 3984 3667 4587 959 4167
256 11923 40 368 0 0 23158 15178 20849 23593 5426 2177 2841 3873 4686 969 4167
257 2065 1115 2292 0 0 20610 20982 15091 23422 3962 2607 3705 3182 4302 964 4167
258 8431 967 1162 0 0 17619 20414 24351 22873 4641 1733 4689 5106 4338 917 4167
259 4302 1899 337 0 0 21220 14300 20450 23430 4716 2963 2602 3227 5290 999 4167
260 1849 1287 1934 0 0 23920 14932 17698 23063 4870 2770 2615 2301 4120 885 4167
261 2985 1623 4106 0 0 18299 15479 24051 23336 5279 2045 2336 3694 5700 963 4167
262 1627 8 39 0 0 14964 15248 14838 22982 4835 1287 2401 3198 4491 1023 4167
263 25 1873 3555 0 0 17990 11458 9199 23371 4280 1663 2036 1913 4565 949 4167
264 8025 405 3083 0 0 14925 12101 21080 23021 4900 2162 3031 3155 4785 971 4167
265 2663 3489 44 0 0 20362 17807 19287 24584 5402 2474 3977 3572 4737 964 4167
266 71 45 1842 0 0 9499 12474 14659 23378 4504 1559 2517 2136 4645 928 4167
267 19 2118 1909 0 0 21074 12103 23865 23963 5063 2222 2633 4737 4489 959 4167
268 3853 3133 1248 0 0 24257 11922 11688 23118 4779 2955 2116 2132 5586 940 4167
269 34 5143 7207 0 0 20703 18279 17733 23660 4803 1804 3240 3282 4337 929 4167
270 504 66 2113 0 0 8877 18517 12311 24135 3528 1344 2892 2370 4273 910 4167
271 3323 2582 3171 0 0 17939 17447 18055 23517 4217 1978 4049 2806 4950 945 4167
272 33 93 2286 0 0 12467 12036 15288 23669 4570 1392 2309 2770 5883 986 4167
273 2303 5797 43 0 0 9772 17527 17309 22914 4189 1825 3549 3137 4269 877 4167
274 8771 4466 1631 0 0 23787 23366 14962 23393 5051 2058 5740 2681 5140 976 4167
275 1795 19 1441 0 0 21078 20545 24068 24358 4799 2588 3611 4349 7023 915 4167
276 75 8741 129 0 0 20444 23981 24140 23799 4429 2043 4389 4204 4878 1006 4167
277 5223 486 19 0 0 14819 23624 17731 23533 4809 1955 4083 2088 4013 943 4167
278 543 4976 1665 0 0 20754 14790 21518 23702 4361 1643 2696 3446 5637 933 4167
279 1317 1064 3320 0 0 20861 17822 18347 22733 4864 2009 2975 2211 4230 948 4167
280 608 8600 444 0 0 14581 23211 16945 23058 4697 1525 3481 2057 4830 960 4167
281 9578 1683 2399 0 0 24414 20499 20483 23394 5278 2911 3071 4376 5673 941 4167
282 1365 926 2123 0 0 23892 20789 14650 23764 3919 2176 3904 2409 4021 978 4167
283 2695 3905 1522 0 0 21042 9578 14848 23120 3721 1838 2514 2360 4116 857 4167
284 19139 1268 76 0 0 23994 20701 12670 23243 4693 2006 3061 2125 4675 1000 4167
285 9934 4960 2429 0 0 24115 13295 20391 23360 4897 2655 1458 3553 4319 940 4167
286 1190 1618 46 0 0 23770 17707 14711 23148 5002 2276 3438 1790 5791 984 4167
287 11172 3442 2355 0 0 24058 14713 20806 22943 3850 2226 2471 3366 4813 960 4167
288 2600 908 4382 0 0 17615 14498 23418 23287 3852 1765 3439 4428 4712 949 4167
289 10746 1310 602 0 0 17605 17616 12113 23864 4721 1982 2725 2182 4045 941 4167
290 1811 2496 1790 0 0 21015 21140 24912 24510 5112 2582 4046 4955 5810 945 4167
291 3113 863 772 0 0 21022 12241 17893 23471 4371 2720 1864 3266 4704 959 4167
292 12676 2188 9062 0 0 16454 18438 24348 23696 5102 1517 2753 4707 4472 898 4167
293 14245 392 15766 0 0 22977 12120 23003 24646 4465 2198 2432 4644 5322 950 4167
294 80 1499 587 0 0 17992 15479 22716 24047 4173 1696 2516 4521 5584 904 4167
295 1502 530 1917 0 0 15332 15142 15153 23227 5033 1732 2915 3047 4646 940 4167
296 3189 16519 30 0 0 17989 23788 15049 22838 4897 1653 4552 2148 4394 926 4167
297 1863 7043 43 0 0 14805 23201 20666 22959 4743 1505 3400 3597 3991 896 4167
298 6850 4580 1620 0 0 17190 23838 11347 23429 5184 1433 3794 1598 5417 998 4079
299 56 1881 2373 0 0 20863 13866 23884 24321 5185 2540 1787 4358 4723 986 4167
300 11939 789 3299 0 0 17637 15107 18629 24005 3583 1730 3001 2417 5317 996 4144
301 9498 6831 3525 0 0 18087 18272 20653 23120 3797 1683 3087 3466 4770 937 4167
302 2917 2002 5747 0 0 15398 14252 20703 23650 4473 1912 2972 3694 5382 927 4049
303 16524 1518 5846 0 0 15738 23117 24081 23372 4563 1528 3078 3990 3915 916 4140
304 4730 409 56 0 0 20889 17763 20764 22938 4091 1468 3161 5032 5193 926 4167
305 24733 2145 623 0 0 21193 12501 17867 23389 5235 2539 2668 3084 4934 964 4167
306 2555 2392 2240 0 0 17900 23899 24719 23773 5025 1663 3482 4809 4743 903 4167
307 2026 1590 735 0 0 24057 14926 17644 23123 5436 1837 2310 2353 4951 995 4167
308 2428 11125 870 0 0 24144 23966 15013 23385 4580 2617 4996 2745 4095 976 4167
309 17989 5123 2025 0 0 23911 23698 14467 22920 4484 1948 4396 1813 5674 972 4167
310 9172 8813 38 0 0 11856 17516 17744 22982 4584 1454 3316 2509 5299 955 4156
311 5344 1142 1758 0 0 15892 18508 14900 24231 4855 1707 2245 2261 5513 957 4167
312 32 1616 1718 0 0 15618 23963 21173 23186 4305 1409 3454 3467 4318 923 4167
313 1264 65 1656 0 0 18281 14703 21249 23910 4798 2047 2234 4061 4965 931 4167
314 8735 8468 4128 0 0 14943 15048 17658 23934 4507 1631 2942 3073 4455 947 4167
315 13825 2063 18 0 0 21719 20936 15214 23395 4779 2316 4494 2673 4933 957 4167
316 4662 2608 1906 0 0 15174 18127 21084 22899 5239 1699 3885 3545 6094 985 4167
317 6356 69 466 0 0 21120 23756 23987 23685 4665 1763 2330 4145 4803 997 4167
318 40 1910 10 0 0 11877 18200 24538 24160 4559 1825 3792 3092 4462 930 4167
319 4836 77 1906 0 0 18491 21245 24508 23851 4975 1961 3467 4884 4850 960 4167
320 8826 3073 13202 0 0 12384 20993 17776 23709 4777 1613 4502 3397 4740 914 4167
321 295 21 1196 0 0 14822 18658 18563 23757 4373 1634 3165 2960 4513 933 4043
322 4810 916 1457 0 0 23537 23595 21418 23772 4104 2300 4321 2577 4890 945 4030
323 116 445 4664 0 0 17749 23231 23843 23205 3368 1802 3606 4843 5119 942 4167
324 15050 1632 2318 0 0 15008 24071 15189 23326 4253 1582 5222 2950 4049 989 4051
325 4294 939 1806 0 0 24797 15216 24141 24235 3964 1459 2482 3735 4545 930 4167
326 11874 553 2134 0 0 15573 15069 23189 23013 4965 1876 2504 3847 4787 952 4167
327 10334 1712 1815 0 0 21900 24098 21048 23837 4761 2194 4811 3621 5481 948 4167
328 6726 46 2540 0 0 17830 14505 15193 23368 4915 1962 1988 2913 3859 949 4081
329 15 891 63 0 0 18151 18320 15012 23094 4409 2402 3628 2763 4761 915 4167
330 45 2006 2797 0 0 11587 14977 23476 24387 4773 1291 2255 3494 4258 947 4167
331 11686 10839 2029 0 0 20736 24448 17995 23152 5336 2100 4929 3652 4785 947 4167
332 12850 100 2173 0 0 21417 14153 14595 23616 3658 2769 2638 2281 4794 921 4167
333 908 44 721 0 0 18385 23583 17645 23576 3519 1887 4565 2945 4654 885 4167
334 5098 6671 1469 0 0 18316 21021 12291 22809 4970 1771 3958 2074 4942 920 4167
335 13047 1827 2231 0 0 20974 20734 20639 23314 4936 2098 2745 4410 5817 915 4039
336 5199 534 3638 0 0 24384 20992 20572 23579 4590 1811 3996 4423 4330 951 4167
337 35 120 1819 0 0 11966 14755 12109 23537 4824 1562 2405 2517 4894 911 4167
338 12846 1314 1919 0 0 14007 14957 21306 24139 5340 1400 2470 3661 4432 961 4167
339 2126 14 234 0 0 21405 17342 14592 23409 4342 2347 2922 3138 5072 889 4167
340 43 1422 1610 0 0 11534 11993 23869 23767 4888 1313 2264 5317 4692 992 4167
341 1558 15511 2445 0 0 9123 18171 18016 22813 4624 1357 4562 3344 4759 862 4004
342 3356 1718 1064 0 0 17995 23605 23457 23429 4561 1879 6738 3180 6052 972 4167
343 372 1726 3429 0 0 18065 17410 14966 23418 4383 1757 3288 2722 4954 939 4167
344 2768 10486 612 0 0 23988 23796 20586 23831 4715 1651 5183 3643 4689 910 4167
345 120 5086 1328 0 0 24638 15067 17026 23685 4919 2298 3086 2928 4735 966 4167
346 4483 1469 854 0 0 23655 14784 17494 22673 4352 2258 3183 3758 4387 916 4167
347 68 50 1428 0 0 8907 20295 21052 23837 3370 1368 2223 3043 5018 914 4167
348 3596 86 413 0 0 24986 24112 17987 23885 4933 2200 3341 3427 5437 925 4167
349 6341 7490 1851 0 0 11505 20914 20795 23054 5283 1589 3361 3074 5394 986 4167
350 14490 5425 893 0 0 23657 15396 24535 23581 5240 2726 2541 4616 4204 963 4061
351 47 1567 3485 0 0 20603 18572 17935 23389 4889 2048 3718 3754 4693 963 4167
352 9278 17 409 0 0 24103 24688 23877 23917 4238 3249 7170 5184 4396 928 4167
353 9274 39 948 0 0 20897 17830 15921 23581 4488 1930 2362 2760 4531 899 4109
354 304 7471 2 0 0 24127 20983 17890 24319 3104 2199 3492 2600 4706 909 4167
355 11381 2846 1098 0 0 24781 20324 23863 22860 4888 1782 3932 4756 4475 951 4167
356 4709 1281 3743 0 0 23420 24248 25128 23159 5037 1938 6311 4061 4758 938 4167
357 997 63 428 0 0 12179 8759 12519 23594 4473 1501 1626 2437 4880 960 4167
358 3675 6457 1290 0 0 11835 20836 11759 22844 4812 1262 5111 2739 5476 974 4167
359 2633 85 2510 0 0 20900 21641 18372 24478 4685 1980 3119 3428 5076 931 4089
360 1261 2448 6 0 0 15191 14567 17757 23657 4754 2162 1870 2997 5155 939 4167
361 1488 1668 1879 0 0 14765 18403 24375 23571 4178 1475 3621 3330 5278 934 4158
362 2415 43 1580 0 0 12030 20600 23979 23529 4703 1437 4183 6416 4829 978 4167
363 2749 43 19 0 0 11775 21216 23998 22877 4477 1654 4759 4627 3916 946 4167
364 1393 92 1553 0 0 18837 17644 17792 23753 3907 2297 2637 2987 4434 965 4167
365 1869 1208 2139 0 0 17670 11593 18422 22929 4470 1659 2121 3329 4603 905 4053
366 26 1004 1829 0 0 9112 23248 15221 23534 4602 1351 5270 2430 4458 945 4167
367 1624 8949 39 0 0 24166 17810 11415 22574 5102 2682 2725 1469 4356 970 4167
368 5246 4081 16375 0 0 21118 20981 24022 23601 4436 2198 4601 3917 4617 979 4082
369 6271 1806 1463 0 0 21856 23937 17472 23605 4665 1594 5059 2965 5418 890 4167
370 11489 2010 4092 0 0 21539 17935 18022 23224 5485 1875 2608 4408 5959 946 4167
371 2548 9 4280 0 0 17951 11694 20208 23554 4764 2011 1809 2723 5486 908 4167
372 10209 941 5088 0 0 18047 11462 20191 23979 4638 2043 2272 4173 6836 938 4167
373 16009 118 0 0 0 24301 15093 18315 23739 4872 3453 2960 2992 4649 963 4166
374 2537 522 1293 0 0 14912 12547 11560 23232 5499 1858 1872 1747 4019 966 4167
375 9325 8155 37 0 0 23437 11941 12046 23670 5436 2161 2969 1772 4666 973 4167
376 12224 1223 930 0 0 20890 17823 20825 22732 4200 1922 3079 3893 4792 880 3952
377 765 236 1882 0 0 14679 17751 11891 23644 4911 1842 3089 2136 4360 943 4167
378 2304 5915 3661 0 0 15311 21195 20644 23608 5021 1825 4664 3468 5302 1015 4167
379 2673 6361 2046 0 0 20739 21187 18063 23453 4835 1391 3912 3111 4824 953 4167
380 1645 11285 4012 0 0 14756 24260 12108 23308 4536 1901 3702 2265 5651 917 4167
381 4522 1688 2427 0 0 14817 18162 17802 22507 4622 1533 3123 3054 5552 942 4167
382 34 83 1989 0 0 18551 23963 19196 23564 4669 1552 4771 2658 4422 922 4167
383 1626 3769 2009 0 0 12214 12000 20276 23632 4316 1521 2863 3794 5820 956 4167
384 2765 1068 2786 0 0 20954 17962 23937 23179 4478 2552 3358 4138 4320 953 4167
385 6403 1109 48 0 0 15487 20493 21451 23728 4488 1261 4088 3548 4977 945 4167
386 19149 2886 49 0 0 17848 20496 11479 23320 4497 1593 4380 1995 5415 952 4167
387 2130 1171 1215 0 0 23718 14845 17379 23169 5171 2069 3487 2638 4803 972 4167
388 22670 5082 474 0 0 18176 12134 24348 23740 4330 1843 2454 4224 6593 988 4167
389 4108 2130 1555 0 0 21048 17747 17822 23354 4695 2600 2869 2951 4623 969 3929
390 17290 2833 2953 0 0 20444 20556 24047 23001 4603 2087 4799 4583 4459 930 4167
391 39 1659 2994 0 0 15152 9883 9419 23640 4546 1655 1989 1681 4575 920 4167
392 38 1885 1985 0 0 17749 20699 15623 23785 4290 2535 3701 2844 5884 984 4167
393 8949 9575 2397 0 0 23835 21202 21358 23700 4366 2142 4208 3872 4409 932 4167
394 45 10079 1474 0 0 21447 21234 17800 24123 4195 2346 4853 2909 4195 941 4167
395 3820 7172 2184 0 0 20497 18205 20862 23234 4935 1840 3883 3095 4691 941 4167
396 1258 47 2411 0 0 18196 9162 15443 23026 4360 2147 2139 2562 5074 942 4167
397 1528 4678 1250 0 0 24257 24003 18207 23115 4891 2032 3017 2963 5015 927 4167
398 443 33 2394 0 0 17979 17265 20844 23437 4791 1910 2551 3245 5882 943 4167
399 221 3808 8 0 0 12338 14915 8983 23310 4959 1644 3263 2006 4534 943 4167
400 625 864 10523 0 0 20715 24255 23982 23457 4337 2368 4839 3516 5216 894 4167
401 8252 7373 2224 0 0 18828 17936 21401 23552 4537 1866 3901 3642 5299 903 4166
402 9786 3327 8155 0 0 21472 21494 20822 23124 4657 2145 3861 3243 5543 956 4167
403 2436 1445 2626 0 0 17272 17885 12155 23791 4185 2008 3632 3000 5040 948 4167
404 1255 10336 3352 0 0 24685 21019 23704 23060 4154 2018 3949 4346 4056 932 4041
405 35 2083 3728 0 0 20886 14725 20949 23338 5068 2299 2943 4247 5144 947 4167
406 73 352 1316 0 0 20311 21160 21114 23683 4670 2637 2765 4370 4189 902 4167
407 3103 568 1323 0 0 19947 12175 23635 23134 4330 2011 1995 3180 5055 947 4167
408 5989 837 2199 0 0 20204 21338 18688 23570 4236 1747 3137 3024 4414 953 4167
409 8207 42 3155 0 0 14970 14925 23694 23373 5343 1767 2500 3294 5112 994 4167
410 3091 1131 1536 0 0 12219 24191 24378 22974 4814 1454 2585 3917 4579 1006 4167
411 8107 3604 3949 0 0 21542 20578 17642 23194 4652 2459 4256 2418 4683 888 4117
412 1221 3062 391 0 0 17700 24550 18366 23598 4428 1895 5224 3849 4776 940 4167
413 498 11240 370 0 0 20642 20515 23743 23022 5133 2561 3561 4052 4282 1028 4167
414 5012 49 3448 0 0 24360 17596 24211 22531 3982 1860 2977 5015 4142 933 4167
415 10420 2430 3605 0 0 24318 23661 17521 23260 4661 2961 3305 2961 4016 957 4094
416 42 103 1433 0 0 17866 14591 21026 22805 5354 2102 2358 4157 4536 920 4167
417 4048 4849 531 0 0 15181 14674 15166 23542 5658 1703 2845 2358 4491 963 4167
418 6229 83 3300 0 0 14376 20761 24218 24984 4577 1650 4375 4577 6988 931 4167
419 8 57 4537 0 0 12018 23669 23908 25692 5127 1522 3829 4157 7614 1000 4167
420 12120 256 21 0 0 24185 20984 18028 23655 3990 2456 2387 1766 4251 895 4167
421 11872 6373 240 0 0 23257 23222 11867 23329 3144 2404 4082 2079 3959 882 4018
422 3204 40 1839 0 0 12135 17682 23435 23014 3502 1676 2752 4295 3986 927 4167
423 8247 1476 5622 0 0 12202 23857 23812 23317 4466 1439 4968 5044 4561 955 4167
424 4997 6833 660 0 0 21065 20541 17988 23084 4555 2254 6150 3088 4556 959 4167
425 1100 61 4626 0 0 20794 18147 18099 24924 4472 2618 3500 4242 5264 964 4167
426 1326 42 39 0 0 15661 18018 21019 23654 3436 1416 2938 4012 5979 915 4167
427 136 7088 775 0 0 14877 24128 24879 23585 4964 1414 4528 4217 5496 948 4167
428 36 82 412 0 0 14514 15133 23458 22737 4955 1553 2794 5590 5209 980 4167
429 14876 6878 1088 0 0 23673 14819 15131 24131 5075 2556 3305 2407 4661 990 4167
430 11196 1790 44 0 0 21261 24432 21342 23030 3977 1704 2828 3173 4548 951 4167
431 3381 968 2736 0 0 14981 12218 14651 22858 5075 1870 3011 2286 4521 959 4158
432 13731 1561 1852 0 0 17673 18427 23609 23577 4930 2322 2788 4918 4449 951 4158
433 3100 3455 27 0 0 18242 24281 18098 23646 3142 2070 3287 3116 5756 910 4167
434 3413 6937 1843 0 0 18023 18180 14746 22504 5569 1916 3908 1726 4064 1038 4167
435 16366 6111 2844 0 0 17721 17496 18315 23703 4034 1839 3691 3277 4786 966 4126
436 2908 50 2327 0 0 11955 18056 11831 23091 4694 1417 2900 2332 4659 932 4167
437 10318 1610 886 0 0 12287 14885 12104 24039 4337 1776 2667 2835 5484 994 4050
438 2268 962 500 0 0 11988 23445 20970 23803 4659 1334 2924 3945 4631 933 4167
439 2684 2372 431 0 0 24417 21093 21022 23256 4253 2366 4957 2522 4792 923 4086
440 1888 10986 3436 0 0 11917 11999 11962 23668 4810 1284 2519 1993 4847 958 4018
441 21016 5676 5 0 0 23961 14706 20892 24382 5177 2380 3007 3501 4720 1002 4167
442 8080 88 71 0 0 20514 14573 17679 23244 5121 1606 2157 2724 4081 898 4167
443 29 4082 1381 0 0 9214 18342 15162 23478 3950 1330 3812 2807 3921 994 4167
444 7495 1646 67 0 0 17480 20676 21441 23422 4995 1834 3944 4125 4881 985 4167
445 4128 1516 65 0 0 18122 24449 18291 24529 3868 1629 5621 1845 6473 951 4167
446 16545 2266 1408 0 0 21589 21258 12120 22826 4861 2594 3354 2453 4542 972 4167
447 11908 4215 7350 0 0 21399 21039 24423 23261 3252 2142 3711 3500 4806 923 4167
448 16444 12524 1128 0 0 23848 20397 20649 23786 5106 2290 3634 3128 4286 1005 4126
449 3027 1745 972 0 0 15203 21169 20727 24097 4355 2384 3618 3908 5043 916 4167
450 4279 4942 1909 0 0 23825 20817 8897 23715 3301 2112 2991 1856 6100 929 4167
451 8494 2371 2448 0 0 14819 12285 17865 24079 4973 1973 2441 3096 5229 947 4167
452 1488 1010 1876 0 0 21192 15297 24332 23539 4715 2478 2473 4320 4471 1015 4167
453 3022 0 3618 0 0 24317 21332 21401 23060 3920 2951 2585 3703 4147 989 4167
454 7339 13403 44 0 0 21107 20936 18291 25657 4949 1803 3735 2242 6748 998 4167
455 12494 4564 1246 0 0 23663 17930 11943 23223 5274 2135 4011 2568 4721 997 4167
456 14787 2700 1740 0 0 17696 14542 14776 22659 5113 1526 2175 3352 5045 991 4167
457 6786 2160 4248 0 0 17994 14686 20777 23202 4514 1833 2983 4974 4644 906 4167
458 5376 4122 2816 0 0 18492 23605 14901 23232 4243 2390 4567 3278 4425 971 4167
459 6344 38 61 0 0 17798 21268 17531 23526 4513 1651 2423 2938 4609 955 4167
460 17794 2539 4845 0 0 23828 17770 17093 22668 4518 2479 3915 2640 3885 919 4167
461 5396 208 2791 0 0 24400 18471 23638 23184 4219 2774 2866 5717 5250 956 4167
462 38 2085 1368 0 0 11845 20654 15252 24037 4874 1370 2511 2800 4496 981 4167
463 1701 5450 4027 0 0 12553 12302 14876 23167 4064 1281 2022 2985 4614 914 4167
464 2026 8414 1941 0 0 17500 24009 14810 23841 5587 1399 4295 2653 5161 962 4167
465 25 7257 0 0 0 12386 22323 9646 25159 5167 1519 4530 1862 5433 951 4167
466 1028 704 2227 0 0 12070 8905 11730 23634 4482 1457 1840 2692 4205 924 4167
467 1422 463 1125 0 0 20711 14997 23803 23447 3497 1841 2814 5182 5507 925 4167
468 2489 7232 4009 0 0 11928 24690 24931 24504 4854 1450 5476 4774 5088 959 4167
469 2 39 1371 0 0 18060 21342 23651 23672 4173 2046 5451 6109 5378 955 4167
470 40 4469 2058 0 0 14680 18492 11886 23166 5128 1911 2658 2073 3928 973 4167
471 1388 1767 1392 0 0 12234 17793 17931 23148 4787 1543 2615 4405 5150 900 4167
472 2564 503 1768 0 0 21133 17161 14690 23146 4425 2519 2425 2902 5113 943 4167
473 28 2217 2354 0 0 20527 23707 23883 23598 5245 2219 2661 4107 5241 961 4167
474 21702 1 2121 0 0 24193 14994 15152 23733 4633 1934 2009 2150 4436 951 4167
475 285 12 2082 0 0 15346 14634 20998 23698 5018 2022 2667 4382 4932 979 4167
476 2377 41 881 0 0 12053 12078 24919 23320 4825 1423 1864 4273 5216 970 4151
477 2156 2137 4024 0 0 12196 23774 23902 23791 4623 1737 4537 4355 5252 964 4167
478 17 14065 435 0 0 12983 20788 21271 24259 4836 1345 4491 3410 6294 1003 4134
479 1824 2599 1207 0 0 15841 24058 17886 23918 5099 2193 3111 3034 4152 965 4042
480 3724 1964 2994 0 0 23553 15310 23534 23029 3467 2040 2355 6446 4283 934 4167
481 869 16865 1563 0 0 21215 23974 14563 24575 4452 2229 5433 2128 6215 961 4167
482 57 642 2350 0 0 14880 20500 20253 23106 4654 1951 3032 3633 4883 949 4167
483 98 71 65 0 0 18484 15248 12362 22912 4165 2197 3041 2134 4494 895 4167
484 2818 3227 3533 0 0 15199 21816 20845 23754 4639 1640 3311 3438 4234 899 4167
485 5213 61 2549 0 0 22039 23914 14805 23633 4191 2084 3603 2627 4679 939 4167
486 2092 11838 1366 0 0 20560 20405 15006 23917 5222 1984 3824 3299 4484 918 4167
487 1056 5042 4423 0 0 23517 24097 11915 23578 3828 2008 4206 1947 5502 962 4167
488 9249 456 1915 0 0 24247 24427 24207 23432 3737 2473 4765 4546 4552 907 4167
489 3702 2503 4308 0 0 15260 20020 14891 23766 4197 1337 3448 2217 5208 957 4141
490 4931 1141 1802 0 0 21324 14957 23749 23835 3193 2340 2760 5224 4368 887 4167
491 4515 7082 4515 0 0 11935 15358 18454 23038 4598 1661 2291 2948 4294 948 4167
492 15853 2483 2118 0 0 21212 23739 20916 23162 3946 2035 5393 3707 3978 924 4167
493 83 1143 1784 0 0 15125 17782 15099 23272 4645 1493 2592 2072 4263 944 4167
494 9435 48 323 0 0 24449 11805 17591 23193 4683 2000 2537 2650 3988 906 4167
495 12152 11746 451 0 0 15198 17884 15015 24469 4727 1567 3681 2620 5450 982 4167
496 4317 5041 182 0 0 17683 15373 11700 23885 4840 1523 2479 1833 4314 931 4126
497 97 357 2589 0 0 12179 24431 13950 23280 4351 1440 3972 2612 5068 998 4167
498 23 1110 597 0 0 14909 23518 15076 22971 5007 1323 4213 2488 4536 891 4144
499 3434 23 231 0 0 18225 18183 20542 23748 4900 1980 2792 4129 6939 945 4113
500 4413 7233 1089 0 0 12305 14249 20579 23589 4464 1708 2235 4359 4694 913 4167
501 58 1493 1536 0 0 15091 18033 17890 23408 4753 1637 3026 3494 4305 991 4167
502 2505 5170 3554 0 0 21337 24437 12237 23242 4436 1892 7442 2465 4791 894 4167
503 4229 1838 1837 0 0 15145 17539 12269 23878 5244 1534 2284 2377 4584 932 4167
504 6659 76 1062 0 0 15244 20566 23444 23226 3837 1834 4313 3479 4589 878 4167
505 8927 2173 1291 0 0 17852 19167 20482 23928 4572 2443 3474 3577 4067 939 4167
506 7396 3474 2007 0 0 23968 17687 18057 22607 4703 3216 2716 2949 4891 962 4167
507 7173 2233 1532 0 0 23449 18581 18315 23678 3140 1909 3374 2921 4811 919 4167
508 11868 2622 1168 0 0 18448 15103 18011 23033 4693 1582 2637 2430 6226 942 4167
509 11139 7748 1677 0 0 23985 18470 14818 23521 4706 2108 3784 2632 4526 945 4167
510 2004 1868 263 0 0 23881 23454 14766 23683 4702 1881 3330 3218 5625 989 4167
511 5897 656 4476 0 0 23658 12138 17972 23414 3734 2508 2088 2710 4378 886 4154
512 4140 15 49 0 0 11426 9439 8897 23757 4756 1440 2141 1578 4652 985 4167
513 9389 1747 3158 0 0 14988 20250 24263 23290 4737 1616 3511 4374 5040 978 3990
514 5974 4892 1618 0 0 14605 18032 14964 23902 4983 2123 3038 3249 5135 954 4133
515 16656 2137 1073 0 0 20915 12001 14963 23167 4080 1806 2537 2928 5920 834 4167
516 4225 66 3775 0 0 21649 20754 21228 24178 4332 1986 4190 4499 4667 987 4167
517 370 1644 1283 0 0 15026 23701 20911 23944 5394 1714 6399 3721 4148 905 4167
518 1216 2376 1065 0 0 20674 23721 23401 23323 4660 1939 5257 4450 5853 861 4075
519 381 31 463 0 0 21044 15203 24080 24140 4389 1686 2048 4300 4654 935 4167
520 12250 4167 63 0 0 18275 11354 23911 23453 5198 1881 2027 2623 6159 945 4042
521 875 7184 6430 0 0 14430 17993 24143 23622 4823 1565 4019 4735 6341 936 4167
522 2012 47 468 0 0 20784 15032 14597 23785 4373 1653 2278 2254 5524 945 4167
523 0 652 136 0 0 20926 20816 14792 23429 3656 2669 4693 3005 4937 918 4167
524 17076 1722 3409 0 0 24497 17308 20406 23487 4595 2476 2046 2736 5781 942 4167
525 2493 1071 2484 0 0 17479 15289 24120 23869 4214 1809 2157 3194 4389 871 4167
526 1743 29 1471 0 0 15012 12123 15297 23566 4745 1558 1752 1579 4188 858 4167
527 10634 1187 548 0 0 23531 20805 11703 23423 4881 2384 4977 2089 4315 924 4154
528 7644 3997 892 0 0 23952 18094 20492 23368 4435 1878 3277 2915 4736 946 4167
529 14 903 2907 0 0 11940 17795 18192 23473 3905 1740 4082 3003 4950 943 4167
530 5206 200 3157 0 0 20896 14584 24189 23453 4745 2324 1721 5865 5342 982 4167
531 73 1836 498 0 0 6230 15226 18928 24752 4266 1140 2912 3486 6065 889 4167
532 12863 3228 1607 0 0 19626 24452 12066 23034 5014 2262 4114 2279 4231 929 4167
533 11268 1314 14405 0 0 23527 14849 17562 23085 3232 2148 2134 2786 4950 903 4167
534 680 1569 2445 0 0 14780 20272 17818 23166 4749 1465 3449 2195 4815 950 4167
535 8319 16909 3978 0 0 18292 24587 18233 22893 4745 2156 4461 3720 3944 940 3970
536 8357 261 3102 0 0 20837 12179 20266 22934 4951 1809 2288 4689 3926 955 4167
537 16718 5870 5499 0 0 21329 20878 18659 23506 4131 3275 4897 3947 4030 966 4040
538 14641 1542 594 0 0 20548 20903 11799 23528 4567 2325 3784 1668 4886 973 4167
539 3583 3136 13263 0 0 15978 17710 17972 23365 4764 1955 3585 3253 4602 854 4167
540 4399 6 36 0 0 24329 17687 18377 23545 4752 3297 2202 3169 4745 977 4167
541 246 4599 40 0 0 14500 24472 11699 24293 4816 2121 3283 2514 4661 934 4167
542 14674 32 11 0 0 24075 18232 18249 23177 4297 2237 3053 2893 4466 915 4167
543 3656 4815 1856 0 0 21106 23695 12290 23160 3224 1947 5497 2169 5117 940 4080
544 1884 512 1958 0 0 14243 17983 14841 22969 4593 1210 2887 3153 4945 952 4167
545 7837 191 911 0 0 20943 24656 17893 24335 5268 2206 4433 2898 5208 975 4167
546 2100 9621 6709 0 0 18127 18216 24033 22370 5086 1521 3399 4778 5047 991 4083
547 3194 1747 56 0 0 23785 15166 17613 22931 3089 1615 2958 2597 4193 958 4167
548 49 959 458 0 0 17725 17883 20632 22745 4904 1801 3351 3095 4481 898 4167
549 1803 516 1796 0 0 17911 21196 11974 23497 4780 1862 3019 1674 5772 944 4167
550 5579 1925 62 0 0 14985 20618 23988 23213 4312 1677 3672 3943 5188 919 4167
551 18100 1864 17 0 0 23588 18770 23973 23071 3106 2391 2603 4198 4420 915 4167
552 292 8868 993 0 0 12400 18441 11805 23052 4928 1510 3517 2400 4343 1021 4167
553 2841 3207 2259 0 0 14794 18160 21030 23305 4203 1468 3543 4240 5190 893 4167
554 2786 76 1836 0 0 24073 23787 20493 23216 4402 2034 4634 3944 5247 921 4167
555 191 9943 3873 0 0 21414 17745 21480 23236 4346 1926 2853 4766 4278 932 4167
556 901 1083 1823 0 0 14718 15157 20859 24219 4816 1497 2404 4098 4464 946 4167
557 89 890 2378 0 0 15342 21060 23979 23697 4062 1687 4539 3302 4529 981 4167
558 6122 4560 3126 0 0 21241 20742 21250 23614 4553 1818 3771 2882 4279 947 4167
559 3177 7648 1866 0 0 17685 17984 15408 23939 5052 2109 2532 3033 4649 975 4167
560 10013 2945 2964 0 0 20700 15384 20837 23840 5118 2026 2857 4248 6268 929 4167
561 2007 37 823 0 0 17701 18191 17899 23798 4898 2103 3443 2508 5308 996 4167
562 649 0 829 0 0 23909 15406 21317 23712 4553 2106 2610 3277 4926 914 4167
563 1713 341 441 0 0 17656 21694 21244 24109 5015 2300 3898 4010 5722 1023 4167
564 7188 1794 3629 0 0 11611 21887 9406 23855 4626 1285 2519 1817 4714 960 4167
565 6065 1771 1331 0 0 11800 24056 23272 22686 5361 1413 4624 3728 4346 919 4167
566 7062 1556 1802 0 0 23873 21117 17966 23363 5340 1649 3731 3820 4543 932 4167
567 17712 32 10847 0 0 23727 20781 18165 23027 4769 1498 4203 2531 4505 943 4153
568 2116 204 918 0 0 20833 11392 17685 23217 4584 1865 1785 3055 4248 959 4160
569 4008 11617 1457 0 0 14899 23465 18347 23653 4397 1521 2809 2468 5893 951 4167
570 17429 6616 2509 0 0 21404 17543 11924 23108 5160 2714 3666 2194 4446 938 3966
571 9891 7922 959 0 0 20391 23805 20255 23138 3279 1789 3955 3960 4864 905 4140
572 806 68 1874 0 0 24095 15141 17935 23360 5373 2272 2417 2540 4923 984 4061
573 3951 844 583 0 0 15298 18133 20528 23181 4440 2051 3615 3324 5057 912 4167
574 2296 1743 2131 0 0 17756 23120 20613 23351 4441 2277 2984 3558 4816 990 4167
575 6870 9157 25 0 0 11896 14466 14737 23476 5357 1425 2202 2033 4693 971 4167
576 8532 5553 1709 0 0 20475 20493 20345 23297 4219 2065 4319 2540 4057 924 4167
577 4932 4543 3570 0 0 12240 20981 23539 23344 4534 1871 3608 4101 5134 912 4167
578 8873 4091 9956 0 0 14957 23846 20714 23605 4838 1599 3480 3852 5580 978 4167
579 150 3464 45 0 0 23648 14495 11754 22871 4248 1837 3043 2811 5984 936 4145
580 1088 1025 3163 0 0 21080 21201 17736 23253 5096 1713 4307 3068 4675 958 4167
581 15320 3296 2612 0 0 23421 24333 18504 23867 4323 2320 5075 2950 4199 911 4167
582 6167 1371 365 0 0 15198 17339 24381 24108 5142 2095 2765 4471 4610 976 4167
583 1996 1971 329 0 0 24291 14704 20745 23728 3517 2473 2451 4146 5306 939 4167
584 1334 2315 181 0 0 18102 8865 9008 23547 3953 2644 1835 1921 5842 953 4167
585 581 5766 1950 0 0 17965 18131 14454 24135 4493 1968 2712 2100 4782 865 4019
586 6956 20 269 0 0 18030 12048 11587 23398 3716 1694 2108 1865 4226 902 4144
587 35 3877 1005 0 0 12661 23435 23537 23508 4664 1603 3961 4614 5801 1021 4167
588 7904 4958 3906 0 0 24554 20410 17578 23863 4045 2338 3594 3117 5897 894 4167
589 2925 2924 839 0 0 17093 21247 17890 23036 5114 1550 4737 3627 4253 980 4103
590 10814 2936 1151 0 0 24543 20462 12298 23724 4869 2202 3620 1832 6802 939 4167
591 5992 850 428 0 0 21041 14937 17244 23517 4251 2346 2679 2467 4373 904 4167
592 2009 47 1763 0 0 18014 12641 24185 23430 4379 2006 2181 4104 4522 966 4167
593 9272 71 1491 0 0 17334 14830 23622 23208 4632 2243 2782 4350 3826 931 4103
594 651 50 1610 0 0 24486 14532 20160 22393 3957 1905 2103 3416 4421 916 4167
595 3209 3846 3703 0 0 24651 18081 24377 23379 4577 2470 3270 4168 4499 895 4167
596 8910 5295 2469 0 0 23558 20397 14371 22693 4103 1762 2820 2315 4370 909 4030
597 4800 7778 2051 0 0 20458 21198 17889 23742 4931 2148 4763 2656 4530 915 4167
598 1405 2201 1057 0 0 23297 17570 18113 23640 5282 1724 3061 3510 4785 922 4167
599 2817 5946 1252 0 0 14953 20782 23519 23513 4947 1539 3925 4801 4968 965 4167
600 6096 30 2182 0 0 23670 11748 21107 22808 4463 2566 1905 3479 4732 952 4167
601 2512 40 2673 0 0 15245 12445 12233 23480 3596 2241 2335 2392 5737 947 4167
602 26 3943 535 0 0 12457 12352 20462 23865 4204 1562 2754 4187 4471 988 4167
603 2884 777 67 0 0 20966 20620 11833 23622 4260 2686 3339 2065 4387 905 4167
604 3936 5603 1909 0 0 20711 14441 23213 23043 4059 1597 2662 4337 4454 1011 4167
605 109 683 16 0 0 15198 11898 11957 23528 5317 1828 2786 2281 5138 998 4167
606 3173 2316 4581 0 0 11669 11689 20754 23731 4136 1486 2320 3953 4639 869 4167
607 5172 1335 2082 0 0 17617 12405 23283 23375 3090 1793 2886 3463 5133 890 4167
608 2920 73 41 0 0 14894 14956 20552 22834 5323 1987 2491 3951 4692 954 4167
609 303 33 2529 0 0 14898 8736 24448 23449 4533 1695 1784 4223 4659 954 4167
610 10291 1605 30 0 0 15175 15207 20624 22995 4065 2105 2570 3369 5416 924 4167
611 1040 1909 1159 0 0 14858 12422 20982 24329 4846 1918 2835 2852 4227 981 4167
612 3878 1399 1526 0 0 12542 20595 20506 23642 4685 1477 4312 3837 4548 901 4167
613 2636 1789 1120 0 0 17571 23730 24038 23422 3363 1747 5236 4449 5256 953 4167
614 1828 781 0 0 0 12194 14959 21437 23379 5014 1741 2316 3761 4160 954 4167
615 8939 1612 2294 0 0 18503 20355 14601 24192 4458 1967 2374 2091 4298 933 4082
616 4040 7927 1878 0 0 18276 24183 20888 24127 4642 1679 2947 2566 6280 949 4100
617 2234 1459 149 0 0 21299 12033 18030 23629 4949 2459 2381 2507 5494 1004 4089
618 10 2295 2330 0 0 12379 20563 17682 22783 5086 1506 3252 3052 6094 1022 4167
619 5001 1890 40 0 0 24291 20482 16617 23399 4399 2554 3515 2566 5574 939 4103
620 2286 1997 3627 0 0 21483 23901 20684 23917 4600 2323 4488 4107 5827 954 4167
621 2740 354 2558 0 0 25249 9553 20322 23207 4959 2651 1992 2988 5256 911 4167
622 3249 5944 775 0 0 11855 18004 20748 22730 4458 1364 3455 2740 3847 961 4167
623 5702 820 1845 0 0 21010 23414 24087 23108 4768 2268 5403 3592 3981 975 4167
624 1700 10063 2100 0 0 20463 24044 17807 23541 4300 1713 6198 3409 4313 954 4167
625 3197 414 402 0 0 14599 23893 15444 23499 4376 1287 5164 2657 5270 970 4073
626 5561 1287 1920 0 0 15182 11853 20706 23548 5327 1634 1926 3348 5825 890 4167
627 4188 1321 1157 0 0 15030 14865 23248 23240 4429 1667 2897 4398 4989 1003 4064
628 5647 1024 3448 0 0 16445 12095 29947 23184 4501 2211 1908 4675 4252 970 4167
629 80 0 1743 0 0 15078 12245 15223 24256 4706 1633 2380 2872 5056 940 4167
630 4086 5489 1730 0 0 18174 20975 11944 23602 5133 2245 3568 3116 5125 970 4167
631 9049 5589 5306 0 0 12156 17591 21296 23311 4807 1406 3071 6163 5171 988 4082
632 324 80 49 0 0 18006 24148 14877 23448 4056 2784 3729 2112 4789 975 4167
633 91 0 1380 0 0 18034 15432 15210 23947 5387 1834 2782 2940 4590 974 4167
634 5739 3720 2067 0 0 15537 17187 20650 24658 5274 1646 2734 3390 5247 965 4167
635 1904 698 26 0 0 21182 17526 17892 23465 3420 1811 3471 3534 4408 915 4167
636 5712 9294 1441 0 0 21633 20555 11880 23472 4947 1870 3860 1968 6035 926 4167
637 18641 1674 1837 0 0 22050 14645 14734 23362 4377 1707 2897 2813 4194 920 4167
638 21379 5294 4189 0 0 26575 17285 20848 23199 4737 1857 2327 3610 4529 973 4009
639 7182 122 2309 0 0 18139 15384 23642 23785 4307 1805 2556 4403 4894 970 4167
640 13693 2454 247 0 0 21059 11697 11610 23483 4613 2171 2535 2046 4375 949 4167
641 16469 5146 941 0 0 21113 23755 24391 23542 4540 2232 4535 4632 4709 932 4167
642 3920 2026 1039 0 0 18147 12256 17447 22997 5070 1905 2400 2905 6449 971 4167
643 0 2908 1288 0 0 18046 23588 14880 23870 4368 2067 4266 3061 6119 931 4167
644 324 4745 1681 0 0 14930 11521 24192 22709 4862 1579 2336 4068 4464 947 4167
645 680 48 3306 0 0 20977 11661 15121 23112 3918 2164 1993 2809 4804 934 4167
646 10663 4455 40 0 0 23700 23638 12684 23193 4425 2150 5697 2588 4726 929 4167
647 9323 3679 3196 0 0 23527 20825 18027 23309 4737 2416 3694 2853 4419 937 4167
648 6958 1235 41 0 0 20821 14909 22023 23556 3450 2123 2287 3061 4522 915 4167
649 3760 2004 661 0 0 21717 21480 17473 23972 4186 1920 4942 2331 6734 964 4100
650 1983 4164 75 0 0 21511 23675 23936 22928 5146 1689 5847 4130 3952 951 4167
651 2545 2703 1522 0 0 18775 14716 8452 23590 3060 2486 2609 1613 6082 923 4167
652 1023 5623 1239 0 0 9492 21330 24027 23884 4843 1471 3939 2864 4925 960 4167
653 9823 1323 4604 0 0 20726 17728 23521 23258 4822 2073 3163 4395 5998 934 4167
654 5571 3003 2452 0 0 18125 14866 8866 23165 4247 2460 2653 1948 4084 910 4090
655 2129 1667 86 0 0 14327 23502 8912 23382 4563 1781 5003 1924 5824 910 4167
656 7631 7341 801 0 0 18538 15036 8883 23326 3133 2036 2619 1671 5795 994 4167
657 5553 2005 85 0 0 12002 14736 12029 23467 4310 1297 1874 2339 4311 954 4167
658 0 266 4823 0 0 21347 21019 23937 23731 4164 1486 3542 4902 5109 870 4167
659 8479 87 4128 0 0 21357 14544 21011 23410 5272 2741 2557 3815 4437 925 4167
660 4892 27 631 0 0 12192 15050 15254 23354 5076 1683 2032 3322 4511 946 4167
661 2668 10835 1181 0 0 18818 20560 14667 23494 4740 1742 4941 3211 4905 942 4167
662 97 1126 11005 0 0 20405 23095 21123 23285 5343 1930 5635 4799 4188 995 4167
663 12891 1809 605 0 0 17940 17467 20479 23335 4057 2103 2888 3321 4646 877 4167
664 1423 448 2498 0 0 21049 21318 14716 23733 4795 2356 5831 2693 4637 990 4167
665 8531 3212 2401 0 0 15149 17566 14885 23023 3929 1773 3418 2730 5497 993 4167
666 3669 6375 760 0 0 19983 20988 17933 23694 5530 1636 4059 3329 4294 939 4020
667 4863 649 13752 0 0 23940 15079 20852 23289 4486 2232 2583 3326 5827 932 4167
668 619 26 59 0 0 14914 14305 23794 23798 5861 1756 1771 4034 4935 939 4167
669 5378 556 50 0 0 18142 14545 20657 23992 3748 1756 2098 4111 4377 948 4167
670 16172 2833 1248 0 0 23534 10964 21650 24620 5049 2128 1921 3881 5490 934 4158
671 477 193 1846 0 0 14716 18121 20579 22959 5355 2127 3713 2979 4357 937 4167
672 6623 4327 2737 0 0 21027 17908 24036 23258 4241 2152 2904 4352 4215 953 3968
673 2442 3745 70 0 0 18493 20665 14613 23018 4710 2093 4353 1889 4564 930 4167
674 2344 76 44 0 0 20743 17600 17819 23545 4396 2854 3122 2184 5117 933 4167
675 8022 11444 1855 0 0 20538 23676 17762 23174 5137 1787 4340 2977 4652 1000 4167
676 34 4976 2026 0 0 20797 24198 23666 23007 3657 2465 4317 3569 5211 932 4167
677 1705 9307 2287 0 0 15353 15710 24126 23199 4139 1521 3127 4444 4799 914 4167
678 5911 4216 11256 0 0 17090 17910 18024 23558 4258 1882 3061 2939 4855 896 4167
679 1363 1773 1997 0 0 20755 23895 24005 23900 4782 2003 4661 6040 5289 954 4167
680 4689 466 907 0 0 21061 24464 17941 22718 5255 2805 5793 2656 4553 959 4002
681 1744 28 1070 0 0 21511 11621 18580 23071 5249 1912 2002 3481 4502 971 4167
682 2879 2409 48 0 0 17962 18689 20885 23283 4607 2407 3891 3983 6196 936 4167
683 3182 8229 3771 0 0 15525 23226 24241 22974 4780 1385 4016 5389 4460 965 4167
684 3855 4819 1837 0 0 20682 23929 23659 23175 4810 2726 4679 4760 5326 939 4167
685 1402 180 91 0 0 17838 24580 23668 23962 3511 1821 6312 4003 4722 998 4167
686 8963 1834 4 0 0 11892 24337 24002 22998 5084 1643 3536 2412 5089 946 4167
687 3414 1278 0 0 0 12675 12129 14911 23567 4852 1490 1756 2617 4732 1013 4167
688 4915 4203 3573 0 0 14572 24252 23251 23417 4762 1559 6423 3643 6140 945 4167
689 5325 739 14593 0 0 20672 12073 20727 23414 3510 1937 3060 3395 5791 923 4167
690 38 1580 68 0 0 17872 23353 11169 23296 5234 1555 4869 1703 5521 974 4111
691 3356 20 2567 0 0 18482 15792 14929 23394 4530 1690 2235 2108 4894 975 4167
692 1078 4745 61 0 0 18203 21012 17891 23777 5080 1824 4139 2652 5275 932 4167
693 2670 3279 2353 0 0 21340 24042 14901 23528 3451 2797 6179 2709 4819 916 4131
694 5962 419 2148 0 0 23702 17645 21324 23812 5324 2638 3578 5089 5709 939 4140
695 2007 356 2947 0 0 15720 21369 20725 23763 4183 1812 3211 2826 5408 985 4167
696 2293 2017 1639 0 0 14919 21296 11602 23328 4812 1723 4810 1510 3894 934 4167
697 7931 1254 1838 0 0 17734 20794 17876 23346 4937 1620 3856 3266 4666 933 4167
698 30 36 730 0 0 14580 20442 16011 24438 4719 1352 3294 2539 6381 1035 4167
699 83 74 146 0 0 12375 17367 21010 23333 5195 1562 2718 4419 4976 947 4167
700 281 2158 247 0 0 18395 20619 17836 23064 4211 1938 3095 2681 4134 888 4167
701 3012 757 2961 0 0 11787 17815 11850 23417 5043 1542 3767 1537 5707 952 4167
702 249 1842 47 0 0 24536 17572 14820 22812 5072 2523 4113 1964 6190 960 4167
703 1942 1626 1981 0 0 18077 18222 17718 23260 4365 1915 3468 2857 4581 942 4167
704 2980 0 454 0 0 11586 17652 14578 23427 4738 1590 2717 3081 4535 959 4167
705 2661 615 13360 0 0 15609 17435 23539 22898 4678 1932 2292 4394 4542 920 4141
706 3727 7013 2535 0 0 20288 20530 23726 23277 4120 1672 3622 3011 4139 849 4167
707 4127 200 39 0 0 20722 15079 19843 23768 4504 2199 2841 2104 4780 908 4167
708 1972 334 17 0 0 11591 18052 12198 24076 4743 1358 2390 2486 5846 973 4167
709 2727 477 2868 0 0 11894 20617 24590 23505 4895 1834 4345 5303 4360 975 4167
710 8350 4869 3325 0 0 24042 18691 18325 24165 3171 2508 4069 3640 4843 923 4167
711 4812 1985 1842 0 0 14976 14965 12242 23929 4819 1136 3127 2183 6718 935 4167
712 2169 7489 2069 0 0 14616 17744 14969 24161 4679 1807 3212 2845 4923 933 4167
713 89 56 2223 0 0 18689 20379 21086 23388 4918 1636 4492 4739 3956 979 4167
714 6259 2671 5542 0 0 20425 20787 20410 22099 4385 1576 4601 3776 4109 929 4167
715 4219 4865 3436 0 0 11852 23343 16891 23125 4407 1789 4795 3009 4605 898 4167
716 7130 3749 819 0 0 15388 11750 15085 23073 4900 1745 2374 2640 4532 975 4160
717 4154 2365 1748 0 0 15106 20902 20029 23620 5169 1739 4856 2326 4560 929 4167
718 19401 1039 1144 0 0 23803 24497 20818 23975 4241 2953 3698 4280 4250 882 4167
719 5015 3627 151 0 0 24339 18014 12164 23234 4388 1636 4328 2086 4488 895 4167
720 62 231 4207 0 0 22595 23571 21279 23608 4875 2374 4570 3026 4716 982 4167
721 1479 661 1959 0 0 23444 20742 24203 24012 4234 3158 2338 4095 4491 901 4135
722 2738 2959 3059 0 0 24451 17599 14863 23466 3160 2072 2851 2782 4540 928 4167
723 4357 3162 356 0 0 21677 11967 23950 23022 4527 2006 2089 4591 5269 921 4167
724 866 1131 40 0 0 23294 17969 14264 23298 4399 2294 3425 2360 4440 946 4167
725 9914 6456 26 0 0 23976 23637 11618 23977 4762 2209 4840 1734 5114 926 4167
726 16135 5959 844 0 0 24048 20883 17301 23337 3407 1856 2772 2748 5476 879 4167
727 818 3169 1619 0 0 24397 17692 15186 23697 5008 2539 3111 2682 4408 982 4126
728 14463 2563 334 0 0 17856 23439 20825 25150 4747 1800 4834 3638 4863 916 4167
729 1371 47 4029 0 0 24068 14620 21046 23616 4719 2718 2779 3692 5221 955 4167
730 5681 1384 1559 0 0 18181 14819 18146 23371 3807 2186 2839 2813 4772 913 4154
731 5091 9946 1428 0 0 15144 23711 14946 23185 3833 1624 4927 2537 5739 905 4167
732 2789 4920 2510 0 0 12147 15354 14933 23853 4739 1470 2986 3049 4945 953 4167
733 1540 4687 4081 0 0 17440 23809 11867 23171 4374 2311 5620 2449 4802 877 4167
734 4727 1618 2180 0 0 14630 12219 18212 23601 5211 2103 2741 3161 3986 932 4167
735 5156 2936 3661 0 0 18196 18764 12562 24011 4044 2183 2796 2551 4843 957 4167
736 2225 2248 963 0 0 9041 12108 14559 23726 4624 1272 2290 2450 5706 923 4167
737 5202 433 864 0 0 14742 24245 12153 24040 4198 1716 4517 2364 4375 912 4167
738 4719 4202 3390 0 0 12229 12096 17656 23526 3750 1569 2559 3382 4364 935 4087
739 6972 15512 1847 0 0 12059 24702 15084 23228 5457 1485 5042 2835 6050 972 4114
740 6251 1703 50 0 0 18353 14947 23494 24037 4813 2300 2803 3306 4636 934 4167
741 2490 2433 1600 0 0 20934 15286 15300 23854 4766 2378 2805 2064 4991 967 4167
742 11570 34 5986 0 0 17757 12595 18221 23066 4218 1666 1990 3673 4581 933 4111
743 1838 6899 84 0 0 17878 21285 18462 23462 5573 2234 4154 2438 4468 975 4167
744 12001 1188 306 0 0 15209 20981 17689 23030 3817 1499 3695 3294 3804 935 4167
745 3042 1779 997 0 0 24261 20927 21069 22880 4077 2069 2386 4734 4809 942 4167
746 11481 8433 44 0 0 24075 24204 19964 23267 4676 1716 5203 3416 5215 949 4112
747 3351 2087 28 0 0 20730 23647 17442 22912 4241 2423 4550 3461 4226 939 4167
748 11 1387 911 0 0 15105 21580 24132 23326 3924 2327 3842 3745 5229 983 4167
749 6244 2678 1508 0 0 20789 18038 24066 23524 4389 2006 3551 3120 5657 937 4167
750 0 5 1120 0 0 20730 12455 24184 23946 4086 2111 2447 3543 6135 947 4167
751 31 1089 1226 0 0 15298 14926 24620 23871 4983 1535 2703 4755 5271 882 4167
752 8223 1507 987 0 0 22164 15240 21462 23565 4909 2294 2165 5316 5394 972 4167
753 3304 9410 1562 0 0 14714 24099 18031 22857 4810 1901 3157 3832 4890 950 4046
754 37 0 2697 0 0 14825 9192 17730 23624 4566 1373 1602 2525 5957 954 4167
755 22 8991 2247 0 0 9063 20590 20811 22804 3943 1353 3195 3125 4603 861 4167
756 5122 7504 2321 0 0 21046 23861 18121 22776 3494 2277 5003 3287 4372 920 4167
757 2733 8691 1439 0 0 11781 15488 20994 23077 4989 1615 3066 4774 4588 955 4024
758 2818 4083 153 0 0 21356 23457 12351 23409 4089 1874 3948 2614 4076 920 4167
759 3854 31 1810 0 0 15252 8581 14166 23847 4540 1742 1658 2525 3895 954 4167
760 755 1843 43 0 0 12137 17870 17933 23417 3717 1555 3016 3516 4447 923 4167
761 12181 2255 2452 0 0 20347 24571 20546 23251 4865 1723 6497 3124 4225 944 4167
762 6210 549 2001 0 0 20679 21254 23753 24221 4855 1965 3992 3626 4604 991 4167
763 10396 2536 583 0 0 24728 19736 14900 23574 3731 2486 2589 2232 4706 891 4146
764 1247 5829 1751 0 0 20931 23545 23984 23659 4342 1852 3456 4995 5051 944 4167
765 961 65 49 0 0 17795 19030 17953 23344 3046 1512 3039 3565 4643 892 4167
766 1968 2383 532 0 0 24417 14586 15153 22686 4664 1938 2479 2440 4300 888 4167
767 10573 3 1688 0 0 23702 17950 17355 23848 3671 1953 4176 3036 4648 966 4167
768 7499 1078 745 0 0 23633 11707 20926 24864 4389 2578 2197 3805 5476 944 4016
769 8049 9915 4904 0 0 23799 23760 12228 23847 4819 1990 5231 2369 4666 950 4167
770 8252 662 1589 0 0 18177 20661 24204 23948 3705 1977 3669 3381 4640 961 4167
771 81 918 1966 0 0 17841 14933 15098 23968 5245 2207 3269 1897 5429 904 4167
772 2429 7277 5880 0 0 17743 20498 14911 23544 4746 1986 3875 2122 4247 951 4167
773 5383 6261 4814 0 0 14975 23678 20722 24005 4408 1734 3949 3865 4310 933 4075
774 4986 4147 2063 0 0 21766 18033 24070 23930 4895 2236 3830 4574 5898 927 4143
775 17918 4934 1821 0 0 23721 17617 15186 23076 4385 2257 1856 2818 5097 960 4161
776 1763 11561 2255 0 0 17488 20947 11840 23500 4320 1300 4705 1849 4310 932 4167
777 2112 3467 5 0 0 15272 23472 24004 23241 4222 1604 4894 4311 4367 993 4167
778 1161 2780 66 0 0 18173 23318 20528 23447 5170 1888 3945 3753 5251 951 4167
779 1321 6021 333 0 0 26984 14851 20635 23405 4467 3012 2707 3139 4933 961 4167
780 1181 1248 1092 0 0 15310 24175 17581 22748 4844 1565 5052 3863 4346 1000 4167
781 3845 7419 0 0 0 17456 24619 11608 23524 5014 1991 4943 2081 4251 948 4167
782 13077 45 1834 0 0 21163 23700 23721 23124 3602 1888 3715 4907 4462 948 4167
783 8431 1461 716 0 0 23639 23828 23881 23090 4667 2160 3664 5347 4280 956 4167
784 16837 5682 1889 0 0 21277 20721 11950 23576 5140 2123 4446 2066 4288 995 4124
785 5727 1153 65 0 0 18259 20857 23663 23179 3442 1296 4410 3750 4142 906 4167
786 6221 2407 3947 0 0 24142 14645 20733 24262 4144 1698 2554 2786 5212 930 4167
787 7024 1993 1554 0 0 18339 20865 20675 23767 4594 2467 4807 3714 5344 921 4167
788 578 3362 2500 0 0 24179 24164 24096 24085 5312 2520 6507 4539 6652 973 4167
789 6931 1928 390 0 0 17985 18386 23774 23160 4127 1976 4059 3244 3965 904 4167
790 22568 1052 3020 0 0 23507 9381 11825 23326 5063 2026 1802 2426 4604 942 4167
791 395 4807 3343 0 0 12126 18143 21543 23955 5423 1900 4291 3102 5117 1014 4167
792 21288 2827 795 0 0 24380 14771 24289 23655 3201 2119 2829 5286 5040 938 4167
793 5123 848 1395 0 0 21222 11635 12258 23409 3792 2031 2504 2409 5538 966 4167
794 28986 4086 2014 0 0 20612 17632 17459 23158 3632 1791 4053 3033 3801 882 4167
795 3610 11824 886 0 0 18431 17830 21017 23408 3759 2724 3282 4086 4269 902 4167
796 8968 4822 31 0 0 21093 21045 11658 23248 3941 2465 3405 2076 5705 938 4167
797 3083 6844 3484 0 0 23916 24166 23682 23968 3962 1795 3878 5275 5394 946 4167
798 2205 2114 4994 0 0 24812 20861 21181 23338 4974 2054 4592 4553 4455 941 4167
799 1643 1868 2096 0 0 23064 23936 24248 23411 5271 2191 4997 6012 5513 956 4167
800 1238 49 456 0 0 17657 8605 14834 23875 4919 1649 1490 2724 5320 916 4167
801 16043 4431 384 0 0 23489 18131 23631 23368 4460 2392 2769 3668 4353 972 4137
802 936 61 971 0 0 12493 14924 17624 24221 5008 1740 1933 4359 5470 930 4167
803 19573 1434 1571 0 0 20730 8904 9179 23080 5044 2388 1740 1617 6313 1009 4054
804 10852 6793 1021 0 0 24073 14819 17629 22706 4894 1865 3142 3427 5380 993 4087
805 484 2783 3631 0 0 12061 21127 24387 23968 4949 1162 3863 4804 4375 984 4167
806 20019 208 2074 0 0 24110 12477 21333 23286 5322 2868 2500 3695 3998 991 4167
807 4363 1202 42 0 0 21229 15106 8953 23357 5212 1769 2566 1579 5718 913 4167
808 49 1883 4 0 0 18051 21093 8921 23623 4528 1842 4071 2155 5017 936 4167
809 5921 6048 226 0 0 20934 15118 18154 22866 5295 1969 2664 3532 4281 967 4046
810 12278 45 2852 0 0 20996 17642 19645 22949 5019 2081 2591 3166 4579 972 4167
811 8995 5928 866 0 0 21802 19452 24468 23352 4104 2092 3159 2917 4625 910 4167
812 7864 5296 462 0 0 24531 21202 20592 22743 4720 2803 5020 4169 4423 963 4167
813 1380 1356 1796 0 0 18177 17482 9131 23030 4455 1763 2122 2029 3872 918 4167
814 5316 18 45 0 0 20389 12022 17864 23669 3689 2858 2794 2522 4358 904 4167
815 7877 4848 3859 0 0 21097 17637 24390 24112 4429 1981 2186 4678 5252 964 3901
816 6154 4428 1461 0 0 20381 24288 20938 23795 3446 1617 6789 3514 4582 924 4063
817 1894 1837 3413 0 0 18200 17296 17683 22980 4047 2143 2492 3010 4953 980 4155
818 6896 5779 2009 0 0 24181 15209 17986 23287 5009 1685 2740 3688 4897 947 4045
819 7619 4178 2159 0 0 20825 12217 11690 23224 3834 1935 2286 1899 5428 964 4151
820 9032 3736 1183 0 0 14640 22995 23497 23249 4928 1441 3184 4400 5143 925 4167
821 40 1253 140 0 0 11681 17794 21100 23410 5041 1264 3230 2925 5367 955 4167
822 759 3641 2071 0 0 14784 18091 18665 23101 3278 2148 2461 3954 4335 957 4167
823 3090 1873 44 0 0 20852 17962 23760 23237 4108 1876 2740 3974 4646 930 4167
824 2885 1188 1281 0 0 14912 18001 14881 23592 4571 1757 3506 2529 4884 992 4095
825 3265 52 1533 0 0 24513 8481 18250 23627 4724 2471 1431 1679 4672 964 4167
826 3820 5696 3318 0 0 17554 21259 14824 23218 4941 1677 4363 2481 4216 933 4167
827 8318 1711 4963 0 0 15261 23529 23716 23408 5210 1873 2812 4386 4277 951 4117
828 2589 2792 2599 0 0 23520 20465 12057 23544 4360 1946 3602 2799 5288 902 4167
829 7748 0 2449 0 0 15297 17621 17647 23129 3979 1792 2146 2321 4143 889 4167
830 7855 9082 2185 0 0 16707 20844 17869 23096 4574 1733 4811 3616 4759 953 4167
831 441 2398 2484 0 0 15217 20925 17291 23149 5179 1534 5324 2337 4288 939 4167
832 932 3056 3876 0 0 18066 15026 21279 23305 4179 1749 2768 4472 4506 944 4167
833 1124 5132 2957 0 0 24066 21291 21619 24000 4219 3244 4834 4755 5097 953 4167
834 15 36 830 0 0 24619 23641 12401 23392 4193 2569 3952 2821 3654 864 4167
835 6144 4534 1072 0 0 17871 23387 24029 23229 5001 1391 4628 3605 4330 936 4167
836 11984 40 551 0 0 20458 14975 12514 23310 4689 2069 2869 2410 4527 912 4167
837 2880 45 81 0 0 14860 21194 21443 23724 4315 1598 4895 3308 4326 921 4167
838 1516 8720 47 0 0 15021 23459 20516 23194 4458 2015 4525 4129 4406 913 4167
839 6088 762 220 0 0 24480 14826 11714 23824 4540 2548 2194 2486 4975 927 4167
840 2963 766 983 0 0 24793 15581 20583 22925 4066 2067 2853 2944 4057 911 4167
841 1646 926 1403 0 0 14610 18297 21372 24041 4771 1519 1799 2663 4656 927 4167
842 1795 785 2418 0 0 18150 15100 24057 23138 4414 1956 3309 4359 4650 890 4167
843 6230 2014 18 0 0 21190 20981 24334 24017 4674 1731 3936 3948 4704 933 4167
844 12641 79 3801 0 0 24743 20253 23829 23407 4460 2302 2660 4952 4581 900 4167
845 1987 8838 965 0 0 15347 21626 9268 23667 3958 1855 5165 2021 4951 946 4167
846 4674 985 8436 0 0 14910 17597 23887 23252 4685 1999 2682 4069 4177 960 4091
847 993 52 2730 0 0 14768 20560 21142 23639 5054 1641 4365 4226 5770 948 4167
848 4284 12356 1037 0 0 17905 22914 10798 23427 4432 2112 4144 1761 4950 907 4167
849 2350 1565 1465 0 0 23798 14476 8945 23529 4470 2301 3411 2093 6827 998 4115
850 7965 50 21 0 0 18085 18376 23491 24208 3788 1622 2487 2985 7256 837 4167
851 5941 3556 1039 0 0 17735 14874 17507 22197 4767 1296 2054 2846 4032 920 4136
852 1444 3251 8 0 0 11919 20932 24060 23819 4685 1696 3517 3321 6162 864 4167
853 50 97 155 0 0 9194 24192 18576 23562 4218 1620 4530 2323 4913 964 4167
854 2844 2595 2913 0 0 24497 24290 23979 24635 5351 2380 5311 3054 5715 929 4167
855 1645 2473 1752 0 0 18591 15594 24270 22839 3356 2044 2434 4414 5103 918 4130
856 2167 52 5056 0 0 24469 23990 18098 23350 5100 1910 5410 3598 5685 987 4167
857 849 418 3849 0 0 18596 15211 20175 23091 3829 2051 3075 3761 5016 944 4163
858 14276 1683 41 0 0 21843 21278 17586 23959 5051 1776 5109 2866 4424 934 4167
859 662 1084 1051 0 0 11994 11392 20612 22815 3651 1468 2175 4025 5510 945 4167
860 32 6779 5472 0 0 20740 23811 21188 23681 4024 2114 6684 4517 4672 987 4126
861 4122 433 1832 0 0 15363 15168 18366 23565 5094 1753 2387 3714 4353 975 4167
862 949 4211 1049 0 0 11868 15054 21220 23181 4903 1333 2419 4831 4125 936 4167
863 6476 772 1451 0 0 23787 14696 24158 22996 5403 2871 3402 3393 4368 977 4167
864 2841 50 188 0 0 11976 14942 14706 23892 5089 1556 2017 2457 5017 969 4167
865 2413 49 1337 0 0 18141 20561 18424 23628 3090 1868 2419 2479 4490 883 4167
866 9456 4616 44 0 0 11535 23880 8936 23980 4598 1916 4268 1363 6904 927 4167
867 106 0 2272 0 0 17723 15246 20831 23908 5242 2140 2499 4927 5490 962 4028
868 2893 660 798 0 0 17969 20579 11644 24010 5015 1516 3635 2162 4296 877 4167
869 8542 1751 27 0 0 17649 18718 15624 23293 4071 1800 4166 2543 5157 972 4167
870 11559 786 1859 0 0 14561 24119 21310 23655 5002 1277 4544 3855 5275 960 4167
871 9221 550 444 0 0 15418 11757 23773 23457 4280 2190 2125 3662 4139 933 3953
872 3269 37 47 0 0 15525 23912 14837 23294 4438 2149 3587 3259 4889 875 4167
873 7323 19 38 0 0 23945 14805 17720 23748 4408 2829 2732 3180 4241 920 4167
874 2608 1834 33 0 0 21031 23571 14437 23225 4767 1564 5669 2272 4796 939 4167
875 6050 4081 1439 0 0 15362 20954 24151 22865 4226 1450 4503 4990 4790 947 4167
876 7207 4199 1775 0 0 24493 17694 17943 23570 4545 2342 3423 3505 6803 997 4167
877 3313 2076 431 0 0 21223 20690 24059 23493 4572 1843 3032 3949 4220 953 4167
878 5 13876 2103 0 0 14815 20847 23800 23035 4118 1623 5346 3788 4526 890 4167
879 5787 54 4557 0 0 17841 20810 20912 23727 3946 1688 4355 3585 4798 954 4132
880 23650 5542 2646 0 0 24863 20933 23686 22867 4305 2188 3473 4007 5187 914 4167
881 705 1403 1071 0 0 18346 20617 15491 23591 3914 1510 3210 2465 4912 978 4167
882 10990 1864 3776 0 0 23345 21770 17886 24161 4481 2528 4293 3486 4881 920 4005
883 13456 6371 801 0 0 23956 17992 23822 23161 4366 2944 2684 4695 5129 958 4167
884 61 2735 2248 0 0 17888 24174 17836 24086 4052 1964 4504 3270 5467 964 3982
885 6483 7432 1844 0 0 17366 18058 12377 22983 4929 1764 3124 2134 4744 991 4167
886 7047 1696 2496 0 0 15016 21561 15506 23960 4951 1521 2922 3033 4535 966 4118
887 1900 70 631 0 0 9569 20969 18385 23405 3945 1579 3390 2968 5053 953 4167
888 93 4044 913 0 0 12731 23644 17724 23431 4399 1909 4907 2346 4754 925 4078
889 5639 95 2559 0 0 24090 17425 11931 23159 4191 2548 3155 2152 4921 957 4167
890 2708 1739 954 0 0 14936 24346 20619 23195 5275 2264 4234 4683 4236 952 4167
891 7763 5729 2312 0 0 24191 21483 17720 23307 4894 1788 3677 2836 4974 956 4167
892 5677 1362 3613 0 0 15732 12045 23952 23492 4831 1588 2812 4879 4972 999 4145
893 1207 1738 36 0 0 15048 24137 19191 24171 4188 1907 2968 2994 5041 945 4167
894 4818 40 1820 0 0 17953 20863 17796 23397 4095 1506 2996 3306 4634 902 4167
895 775 30 1124 0 0 14886 24191 23283 23227 4164 1872 3200 2800 5565 911 4167
896 692 666 1545 0 0 18335 12159 20764 23243 4212 2081 2675 3127 5233 947 4167
897 4159 1201 2488 0 0 20713 17667 23691 23842 4695 2905 2166 3109 4502 969 4167
898 9279 1042 974 0 0 14641 8602 17179 23385 3981 1578 1816 2231 4987 969 4167
899 6551 4232 272 0 0 15061 23466 15360 24268 3416 2130 4536 2453 4899 923 4167
900 2242 1744 2338 0 0 18075 9070 23513 23051 3946 2311 2104 3786 4721 993 4121
901 2268 929 46 0 0 12219 14519 17734 23122 4938 1848 2633 3043 4119 938 4167
902 906 1316 19 0 0 20866 21265 15277 23619 3876 2129 2612 2571 5560 915 4167
903 1920 1056 1796 0 0 23464 20712 11802 22898 4513 2424 2762 1586 4522 938 4167
904 2637 3307 23 0 0 15551 23445 14338 23306 4524 1595 3863 2313 4319 906 4160
905 13912 45 4725 0 0 20854 12127 23793 23057 5037 1891 2159 4923 4781 966 4167
906 5045 4749 4007 0 0 24104 18185 23957 23267 4560 2534 3952 3634 4957 892 4020
907 428 1591 3105 0 0 15029 11960 12220 23526 4980 2267 2466 2671 4200 903 3994
908 14243 1390 1704 0 0 20811 20277 23367 22929 4686 2149 3001 3851 5257 943 4167
909 9686 13828 2350 0 0 23898 21146 20583 23081 4352 2370 3778 4130 4189 942 4045
910 3438 6866 45 0 0 18110 20328 17941 25183 4666 1836 4109 3029 5727 901 4167
911 12969 1960 320 0 0 19975 20527 20994 23291 4568 2350 4356 4075 3924 944 4167
912 5743 832 1733 0 0 23471 18032 14874 23247 4887 3015 2455 2815 4822 942 4167
913 9618 6548 2047 0 0 20887 17531 14680 23790 4614 2650 3669 2224 4856 966 4167
914 16587 10400 3054 0 0 20534 20890 23852 25300 4097 1894 3999 3292 6445 895 4167
915 6061 30 1748 0 0 21061 21223 12356 24023 3380 1844 3912 2151 4668 961 4167
916 3411 3 2476 0 0 22043 20609 24092 23523 4285 1936 3464 4990 4279 932 4167
917 4377 3646 3148 0 0 24671 21074 20730 23499 3988 2989 4725 4605 5170 882 4167
918 3254 1413 58 0 0 18125 11684 20723 23024 5059 2531 2604 4908 4997 948 4167
919 238 4586 1527 0 0 12186 24369 24002 22995 4309 1758 3185 5391 4746 1026 4167
920 1402 887 1233 0 0 21454 11642 17953 23140 5346 2366 2475 3520 4162 981 4167
921 7992 2453 3156 0 0 21106 14515 11812 23608 4228 1948 2726 2343 5286 880 4167
922 2257 1088 1386 0 0 9218 14804 20417 23257 4273 1228 2310 3701 4186 919 4167
923 67 4439 831 0 0 15189 23047 15149 23270 4457 1555 4232 2725 4216 908 4167
924 2411 372 2490 0 0 18476 18243 20441 23145 4406 1561 2956 2738 4332 880 4167
925 2031 1868 4624 0 0 17463 23938 20423 22789 5496 1787 3729 3681 4127 1000 4096
926 9074 46 47 0 0 23848 20637 14841 22915 4476 1956 3233 2784 4353 963 4167
927 9497 3709 864 0 0 17873 23983 14537 23609 3757 1857 3305 1997 4632 948 3945
928 118 6369 0 0 0 14948 21420 14799 25260 4639 1950 5463 2804 5893 965 4167
929 391 1762 1220 0 0 23859 21840 15074 24600 4879 2321 4960 2406 4922 940 4167
930 1544 6899 15641 0 0 23395 20787 23630 25150 4250 1896 4441 3673 5952 866 4167
931 5942 2520 2502 0 0 21185 15248 15034 22986 4316 1692 2485 2775 4563 924 4070
932 4835 695 1135 0 0 11943 15473 14881 23192 4535 1570 2238 2798 5221 919 4167
933 8742 4423 49 0 0 12104 21260 20634 23924 4603 1740 3805 2967 5179 991 4167
934 5997 0 2328 0 0 14925 15248 17665 23413 4543 1723 2853 3272 7110 987 4167
935 7048 2372 2329 0 0 24125 23989 18317 24211 4941 2431 3216 3553 6509 974 4167
936 10491 22 1348 0 0 24228 17637 23994 23441 5031 3029 2504 4579 3989 896 4167
937 7970 5218 1152 0 0 14976 18687 20895 23236 4898 1604 3656 3272 4327 922 3971
938 692 2386 3737 0 0 21114 20536 23235 23809 4547 2036 4273 3279 5310 950 4167
939 178 414 1703 0 0 18094 17836 24485 24248 3939 1950 2711 4297 5327 958 4167
940 99 31 1276 0 0 20768 11682 21351 23076 4623 2171 1450 2889 4057 995 4167
941 2094 593 241 0 0 20939 14417 15015 23422 4681 2528 2960 2205 4952 906 4167
942 7840 39 39 0 0 23557 18045 8963 23486 5188 2101 3207 1850 4273 898 4167
943 2420 4453 2909 0 0 20714 15078 24067 23533 5066 1648 2661 3960 4793 911 4167
944 2854 9759 2144 0 0 12640 24480 20620 22576 4890 1806 6734 4518 4449 1009 4167
945 1895 178 486 0 0 23771 14699 14933 23311 4887 2271 1835 3051 4856 898 4167
946 9556 912 79 0 0 21123 17137 9887 24255 3699 2601 2226 1792 4115 893 4167
947 3060 2161 2290 0 0 12599 21339 15079 23411 4776 1762 2348 3035 4243 1008 4167
948 1293 2274 947 0 0 23853 24099 19850 23178 4391 2513 5907 2506 4407 930 4167
949 3259 1836 1103 0 0 18673 15348 14763 23713 4170 1704 2627 2219 4255 912 4167
950 27 2458 2016 0 0 14879 18361 18437 23773 4948 2079 3358 2710 4975 909 4167
951 37 3385 1993 0 0 18523 24007 20067 23134 4973 2114 4868 4615 4158 946 4167
952 9007 3209 769 0 0 15220 17515 20913 23588 5322 1341 2471 4132 4471 1051 4167
953 17379 133 2218 0 0 23745 12416 12227 23893 4944 2946 1791 2666 5773 1010 4167
954 2265 63 0 0 0 20607 14922 8852 23481 4936 1950 2463 1696 4240 960 4167
955 12154 2318 1852 0 0 15328 17604 23493 23528 3145 2091 1951 2229 5629 923 4116
956 5296 2514 42 0 0 21121 18145 20901 24229 4217 2225 2224 3034 5020 953 4167
957 5347 7076 1874 0 0 14917 18261 21261 23936 4676 1693 2989 3318 4951 945 4167
958 13092 9899 3414 0 0 24076 17631 23536 23792 5299 2652 2961 3197 4316 938 4167
959 1962 2493 44 0 0 24304 20615 17624 23323 4455 2990 3414 2847 4580 963 4167
960 509 1931 4890 0 0 15120 24558 18207 23628 3582 1868 3695 2895 4543 904 4167
961 2977 39 1788 0 0 17647 14597 21115 23627 4635 1587 2245 4771 4226 954 4167
962 55 12903 1715 0 0 9146 24476 24087 23532 4365 1352 5888 2849 5053 1054 4167
963 1018 46 1021 0 0 19960 24343 24026 25164 4877 1475 3630 4032 6680 1045 4167
964 9066 34 0 0 0 20736 11901 17567 23117 4429 2420 2988 2560 4145 939 4167
965 2925 737 789 0 0 17390 24380 17552 23264 3283 2027 3820 2484 5556 906 4167
966 11345 559 5831 0 0 24061 17538 15185 22076 3978 1921 2993 2920 3821 921 4023
967 1510 4799 1599 0 0 15485 24120 20845 23318 3444 1787 6353 2845 5700 934 4167
968 4338 48 135 0 0 21216 17942 21262 23612 4674 2104 2684 4664 5868 960 4167
969 321 2198 58 0 0 23347 12088 12460 23356 4526 2287 2069 2256 4982 920 4167
970 0 36 1971 0 0 24476 20984 12312 23407 4897 1622 2376 1836 4914 964 4167
971 2819 18574 1322 0 0 17927 24226 21923 23118 3402 1541 4922 3499 4976 902 4108
972 2708 64 831 0 0 18943 24233 9165 23129 5156 1640 4718 1831 5279 994 4167
973 1728 8879 9 0 0 20945 14822 17832 23208 4250 1840 2850 2028 5349 968 4167
974 6025 95 10482 0 0 20526 23943 20658 23524 4328 1813 4107 3431 5412 897 4167
975 2359 16 1821 0 0 21457 11797 18335 23513 4964 1848 1646 2941 5161 832 4167
976 2999 275 4326 0 0 15067 18451 17733 23498 4151 1353 2713 3489 5154 941 4167
977 9401 3057 64 0 0 20924 11597 24101 22692 4664 2691 2424 4080 3761 893 4167
978 10203 368 4386 0 0 17997 18026 14073 24029 4347 2331 2004 2587 5576 952 4046
979 14740 188 990 0 0 24105 15073 20545 24845 4853 3298 2281 4569 5220 928 4167
980 9819 2479 5774 0 0 11898 14558 20530 23007 4048 1673 1829 5402 6056 922 4021
981 5263 1082 4248 0 0 8943 15336 15103 23289 4533 1188 2625 2598 5027 930 4167
982 2414 1257 3000 0 0 11725 14813 11878 23927 4211 1539 1871 1980 4767 910 4097
983 6098 45 2500 0 0 11877 21435 24015 23197 4951 1462 3722 5848 4540 936 4167
984 5742 7058 27 0 0 21749 11893 21091 24889 4772 2275 2534 3754 5747 960 4167
985 8823 805 559 0 0 21048 15013 20804 23284 4440 1749 2646 3603 4743 939 4167
986 37 80 1819 0 0 15465 18182 15238 23600 5439 1466 1923 2373 5495 978 4167
987 15250 2978 1886 0 0 23154 20528 11382 23180 4569 2655 3978 1898 5143 884 4167
988 14320 40 4268 0 0 14645 15515 20799 23196 5105 2219 2241 4443 4119 911 4126
989 8097 1628 2210 0 0 23649 14472 21033 23186 4743 1694 1877 3334 4723 950 4167
990 58 1035 3675 0 0 11800 21207 15700 23884 4371 1688 2807 2440 6362 959 4167
991 6133 50 2794 0 0 17813 14916 17474 23022 4041 1725 2428 2708 5029 903 4167
992 4352 2094 590 0 0 23695 9369 12139 24179 4848 2493 2112 2380 5205 968 4167
993 5242 3213 1564 0 0 18022 23800 23582 23335 4720 2508 4544 3910 4599 964 4167
994 4453 27 1735 0 0 12148 20632 18450 23763 4400 1303 3628 2915 4398 904 4167
995 14107 46 34 0 0 21214 20884 20293 22889 4763 2263 3920 4054 3790 955 4167
996 2723 8277 1513 0 0 22854 20919 12638 22962 4065 1844 3072 1887 4174 899 4167
997 553 991 33 0 0 18030 24238 14802 25434 4670 1856 4905 2240 6724 983 4167
998 11189 3488 4173 0 0 18325 24315 23608 23291 3261 1804 5400 3638 4165 916 4167
999 3631 2668 1910 0 0 17743 23500 11927 23428 3164 2279 4751 2340 4477 904 4167
